-4.93000e-01	-9.98900e+00
-4.86000e-01	-9.97800e+00
-4.79000e-01	-9.96700e+00
-4.72000e-01	-9.95600e+00
-4.65000e-01	-9.94500e+00
-4.58000e-01	-9.93400e+00
-4.51000e-01	-9.92300e+00
-4.44000e-01	-9.91200e+00
-4.37000e-01	-9.90100e+00
-4.30000e-01	-9.89000e+00
-4.23000e-01	-9.87900e+00
-4.16000e-01	-9.86800e+00
-4.09000e-01	-9.85700e+00
-4.02000e-01	-9.84600e+00
-3.95000e-01	-9.83500e+00
-3.88000e-01	-9.82400e+00
-3.81000e-01	-9.81300e+00
-3.74000e-01	-9.80200e+00
-3.67000e-01	-9.79100e+00
-3.60000e-01	-9.78000e+00
-3.53000e-01	-9.76900e+00
-3.46000e-01	-9.75800e+00
-3.39000e-01	-9.74700e+00
-3.32000e-01	-9.73600e+00
-3.25000e-01	-9.72500e+00
-3.18000e-01	-9.71400e+00
-3.11000e-01	-9.70300e+00
-3.04000e-01	-9.69200e+00
-2.97000e-01	-9.68100e+00
-2.90000e-01	-9.67000e+00
-2.83000e-01	-9.65900e+00
-2.76000e-01	-9.64800e+00
-2.69000e-01	-9.63700e+00
-2.62000e-01	-9.62600e+00
-2.55000e-01	-9.61500e+00
-2.48000e-01	-9.60400e+00
-2.41000e-01	-9.59300e+00
-2.34000e-01	-9.58200e+00
-2.27000e-01	-9.57100e+00
-2.20000e-01	-9.56000e+00
-2.13000e-01	-9.54900e+00
-2.06000e-01	-9.53800e+00
-1.99000e-01	-9.52700e+00
-1.92000e-01	-9.51600e+00
-1.85000e-01	-9.50500e+00
-1.78000e-01	-9.49400e+00
-1.71000e-01	-9.48300e+00
-1.64000e-01	-9.47200e+00
-1.57000e-01	-9.46100e+00
-1.50000e-01	-9.45000e+00
-1.43000e-01	-9.43900e+00
-1.36000e-01	-9.42800e+00
-1.29000e-01	-9.41700e+00
-1.22000e-01	-9.40600e+00
-1.15000e-01	-9.39500e+00
-1.08000e-01	-9.38400e+00
-1.01000e-01	-9.37300e+00
-9.40000e-02	-9.36200e+00
-8.70000e-02	-9.35100e+00
-8.00000e-02	-9.34000e+00
-7.30000e-02	-9.32900e+00
-6.60000e-02	-9.31800e+00
-5.90000e-02	-9.30700e+00
-5.20000e-02	-9.29600e+00
-4.50000e-02	-9.28500e+00
-3.80000e-02	-9.27400e+00
-3.10000e-02	-9.26300e+00
-2.40000e-02	-9.25200e+00
-1.70000e-02	-9.24100e+00
-1.00000e-02	-9.23000e+00
-3.00000e-03	-9.21900e+00
4.00000e-03	-9.20800e+00
1.10000e-02	-9.19700e+00
1.80000e-02	-9.18600e+00
2.50000e-02	-9.17500e+00
3.20000e-02	-9.16400e+00
3.90000e-02	-9.15300e+00
4.60000e-02	-9.14200e+00
5.30000e-02	-9.13100e+00
6.00000e-02	-9.12000e+00
6.70000e-02	-9.10900e+00
7.40000e-02	-9.09800e+00
8.10000e-02	-9.08700e+00
8.80000e-02	-9.07600e+00
9.50000e-02	-9.06500e+00
1.02000e-01	-9.05400e+00
1.09000e-01	-9.04300e+00
1.16000e-01	-9.03200e+00
1.23000e-01	-9.02100e+00
1.30000e-01	-9.01000e+00
1.37000e-01	-8.99900e+00
1.44000e-01	-8.98800e+00
1.51000e-01	-8.97700e+00
1.58000e-01	-8.96600e+00
1.65000e-01	-8.95500e+00
1.72000e-01	-8.94400e+00
1.79000e-01	-8.93300e+00
1.86000e-01	-8.92200e+00
1.93000e-01	-8.91100e+00
2.00000e-01	-8.90000e+00
2.07000e-01	-8.88900e+00
2.14000e-01	-8.87800e+00
2.21000e-01	-8.86700e+00
2.28000e-01	-8.85600e+00
2.35000e-01	-8.84500e+00
2.42000e-01	-8.83400e+00
2.49000e-01	-8.82300e+00
2.56000e-01	-8.81200e+00
2.63000e-01	-8.80100e+00
2.70000e-01	-8.79000e+00
2.77000e-01	-8.77900e+00
2.84000e-01	-8.76800e+00
2.91000e-01	-8.75700e+00
2.98000e-01	-8.74600e+00
3.05000e-01	-8.73500e+00
3.12000e-01	-8.72400e+00
3.19000e-01	-8.71300e+00
3.26000e-01	-8.70200e+00
3.33000e-01	-8.69100e+00
3.40000e-01	-8.68000e+00
3.47000e-01	-8.66900e+00
3.54000e-01	-8.65800e+00
3.61000e-01	-8.64700e+00
3.68000e-01	-8.63600e+00
3.75000e-01	-8.62500e+00
3.82000e-01	-8.61400e+00
3.89000e-01	-8.60300e+00
3.96000e-01	-8.59200e+00
4.03000e-01	-8.58100e+00
4.10000e-01	-8.57000e+00
4.17000e-01	-8.55900e+00
4.24000e-01	-8.54800e+00
4.31000e-01	-8.53700e+00
4.38000e-01	-8.52600e+00
4.45000e-01	-8.51500e+00
4.52000e-01	-8.50400e+00
4.59000e-01	-8.49300e+00
4.66000e-01	-8.48200e+00
4.73000e-01	-8.47100e+00
4.80000e-01	-8.46000e+00
4.87000e-01	-8.44900e+00
4.94000e-01	-8.43800e+00
5.01000e-01	-8.42700e+00
5.08000e-01	-8.41600e+00
5.15000e-01	-8.40500e+00
5.22000e-01	-8.39400e+00
5.29000e-01	-8.38300e+00
5.36000e-01	-8.37200e+00
5.43000e-01	-8.36100e+00
5.50000e-01	-8.35000e+00
5.57000e-01	-8.33900e+00
5.64000e-01	-8.32800e+00
5.71000e-01	-8.31700e+00
5.78000e-01	-8.30600e+00
5.85000e-01	-8.29500e+00
5.92000e-01	-8.28400e+00
5.99000e-01	-8.27300e+00
6.06000e-01	-8.26200e+00
6.13000e-01	-8.25100e+00
6.20000e-01	-8.24000e+00
6.27000e-01	-8.22900e+00
6.34000e-01	-8.21800e+00
6.41000e-01	-8.20700e+00
6.48000e-01	-8.19600e+00
6.55000e-01	-8.18500e+00
6.62000e-01	-8.17400e+00
6.69000e-01	-8.16300e+00
6.76000e-01	-8.15200e+00
6.83000e-01	-8.14100e+00
6.90000e-01	-8.13000e+00
6.97000e-01	-8.11900e+00
7.04000e-01	-8.10800e+00
7.11000e-01	-8.09700e+00
7.18000e-01	-8.08600e+00
7.25000e-01	-8.07500e+00
7.32000e-01	-8.06400e+00
7.39000e-01	-8.05300e+00
7.46000e-01	-8.04200e+00
7.53000e-01	-8.03100e+00
7.60000e-01	-8.02000e+00
7.67000e-01	-8.00900e+00
7.74000e-01	-7.99800e+00
7.81000e-01	-7.98700e+00
7.88000e-01	-7.97600e+00
7.95000e-01	-7.96500e+00
8.02000e-01	-7.95400e+00
8.09000e-01	-7.94300e+00
8.16000e-01	-7.93200e+00
8.23000e-01	-7.92100e+00
8.30000e-01	-7.91000e+00
8.37000e-01	-7.89900e+00
8.44000e-01	-7.88800e+00
8.51000e-01	-7.87700e+00
8.58000e-01	-7.86600e+00
8.65000e-01	-7.85500e+00
8.72000e-01	-7.84400e+00
8.79000e-01	-7.83300e+00
8.86000e-01	-7.82200e+00
8.93000e-01	-7.81100e+00
9.00000e-01	-7.80000e+00
9.07000e-01	-7.78900e+00
9.14000e-01	-7.77800e+00
9.21000e-01	-7.76700e+00
9.28000e-01	-7.75600e+00
9.35000e-01	-7.74500e+00
9.42000e-01	-7.73400e+00
9.49000e-01	-7.72300e+00
9.56000e-01	-7.71200e+00
9.63000e-01	-7.70100e+00
9.70000e-01	-7.69000e+00
9.77000e-01	-7.67900e+00
9.84000e-01	-7.66800e+00
9.91000e-01	-7.65700e+00
9.98000e-01	-7.64600e+00
1.00500e+00	-7.63500e+00
1.01200e+00	-7.62400e+00
1.01900e+00	-7.61300e+00
1.02600e+00	-7.60200e+00
1.03300e+00	-7.59100e+00
1.04000e+00	-7.58000e+00
1.04700e+00	-7.56900e+00
1.05400e+00	-7.55800e+00
1.06100e+00	-7.54700e+00
1.06800e+00	-7.53600e+00
1.07500e+00	-7.52500e+00
1.08200e+00	-7.51400e+00
1.08900e+00	-7.50300e+00
1.09600e+00	-7.49200e+00
1.10300e+00	-7.48100e+00
1.11000e+00	-7.47000e+00
1.11700e+00	-7.45900e+00
1.12400e+00	-7.44800e+00
1.13100e+00	-7.43700e+00
1.13800e+00	-7.42600e+00
1.14500e+00	-7.41500e+00
1.15200e+00	-7.40400e+00
1.15900e+00	-7.39300e+00
1.16600e+00	-7.38200e+00
1.17300e+00	-7.37100e+00
1.18000e+00	-7.36000e+00
1.18700e+00	-7.34900e+00
1.19400e+00	-7.33800e+00
1.20100e+00	-7.32700e+00
1.20800e+00	-7.31600e+00
1.21500e+00	-7.30500e+00
1.22200e+00	-7.29400e+00
1.22900e+00	-7.28300e+00
1.23600e+00	-7.27200e+00
1.24300e+00	-7.26100e+00
1.25000e+00	-7.25000e+00
1.25700e+00	-7.23900e+00
1.26400e+00	-7.22800e+00
1.27100e+00	-7.21700e+00
1.27800e+00	-7.20600e+00
1.28500e+00	-7.19500e+00
1.29200e+00	-7.18400e+00
1.29900e+00	-7.17300e+00
1.30600e+00	-7.16200e+00
1.31300e+00	-7.15100e+00
1.32000e+00	-7.14000e+00
1.32700e+00	-7.12900e+00
1.33400e+00	-7.11800e+00
1.34100e+00	-7.10700e+00
1.34800e+00	-7.09600e+00
1.35500e+00	-7.08500e+00
1.36200e+00	-7.07400e+00
1.36900e+00	-7.06300e+00
1.37600e+00	-7.05200e+00
1.38300e+00	-7.04100e+00
1.39000e+00	-7.03000e+00
1.39700e+00	-7.01900e+00
1.40400e+00	-7.00800e+00
1.41100e+00	-6.99700e+00
1.41800e+00	-6.98600e+00
1.42500e+00	-6.97500e+00
1.43200e+00	-6.96400e+00
1.43900e+00	-6.95300e+00
1.44600e+00	-6.94200e+00
1.45300e+00	-6.93100e+00
1.46000e+00	-6.92000e+00
1.46700e+00	-6.90900e+00
1.47400e+00	-6.89800e+00
1.48100e+00	-6.88700e+00
1.48800e+00	-6.87600e+00
1.49500e+00	-6.86500e+00
1.50200e+00	-6.85400e+00
1.50900e+00	-6.84300e+00
1.51600e+00	-6.83200e+00
1.52300e+00	-6.82100e+00
1.53000e+00	-6.81000e+00
1.53700e+00	-6.79900e+00
1.54400e+00	-6.78800e+00
1.55100e+00	-6.77700e+00
1.55800e+00	-6.76600e+00
1.56500e+00	-6.75500e+00
1.57200e+00	-6.74400e+00
1.57900e+00	-6.73300e+00
1.58600e+00	-6.72200e+00
1.59300e+00	-6.71100e+00
1.60000e+00	-6.70000e+00
1.60700e+00	-6.68900e+00
1.61400e+00	-6.67800e+00
1.62100e+00	-6.66700e+00
1.62800e+00	-6.65600e+00
1.63500e+00	-6.64500e+00
1.64200e+00	-6.63400e+00
1.64900e+00	-6.62300e+00
1.65600e+00	-6.61200e+00
1.66300e+00	-6.60100e+00
1.67000e+00	-6.59000e+00
1.67700e+00	-6.57900e+00
1.68400e+00	-6.56800e+00
1.69100e+00	-6.55700e+00
1.69800e+00	-6.54600e+00
1.70500e+00	-6.53500e+00
1.71200e+00	-6.52400e+00
1.71900e+00	-6.51300e+00
1.72600e+00	-6.50200e+00
1.73300e+00	-6.49100e+00
1.74000e+00	-6.48000e+00
1.74700e+00	-6.46900e+00
1.75400e+00	-6.45800e+00
1.76100e+00	-6.44700e+00
1.76800e+00	-6.43600e+00
1.77500e+00	-6.42500e+00
1.78200e+00	-6.41400e+00
1.78900e+00	-6.40300e+00
1.79600e+00	-6.39200e+00
1.80300e+00	-6.38100e+00
1.81000e+00	-6.37000e+00
1.81700e+00	-6.35900e+00
1.82400e+00	-6.34800e+00
1.83100e+00	-6.33700e+00
1.83800e+00	-6.32600e+00
1.84500e+00	-6.31500e+00
1.85200e+00	-6.30400e+00
1.85900e+00	-6.29300e+00
1.86600e+00	-6.28200e+00
1.87300e+00	-6.27100e+00
1.88000e+00	-6.26000e+00
1.88700e+00	-6.24900e+00
1.89400e+00	-6.23800e+00
1.90100e+00	-6.22700e+00
1.90800e+00	-6.21600e+00
1.91500e+00	-6.20500e+00
1.92200e+00	-6.19400e+00
1.92900e+00	-6.18300e+00
1.93600e+00	-6.17200e+00
1.94300e+00	-6.16100e+00
1.95000e+00	-6.15000e+00
1.95700e+00	-6.13900e+00
1.96400e+00	-6.12800e+00
1.97100e+00	-6.11700e+00
1.97800e+00	-6.10600e+00
1.98500e+00	-6.09500e+00
1.99200e+00	-6.08400e+00
1.99900e+00	-6.07300e+00
2.00600e+00	-6.06200e+00
2.01300e+00	-6.05100e+00
2.02000e+00	-6.04000e+00
2.02700e+00	-6.02900e+00
2.03400e+00	-6.01800e+00
2.04100e+00	-6.00700e+00
2.04800e+00	-5.99600e+00
2.05500e+00	-5.98500e+00
2.06200e+00	-5.97400e+00
2.06900e+00	-5.96300e+00
2.07600e+00	-5.95200e+00
2.08300e+00	-5.94100e+00
2.09000e+00	-5.93000e+00
2.09700e+00	-5.91900e+00
2.10400e+00	-5.90800e+00
2.11100e+00	-5.89700e+00
2.11800e+00	-5.88600e+00
2.12500e+00	-5.87500e+00
2.13200e+00	-5.86400e+00
2.13900e+00	-5.85300e+00
2.14600e+00	-5.84200e+00
2.15300e+00	-5.83100e+00
2.16000e+00	-5.82000e+00
2.16700e+00	-5.80900e+00
2.17400e+00	-5.79800e+00
2.18100e+00	-5.78700e+00
2.18800e+00	-5.77600e+00
2.19500e+00	-5.76500e+00
2.20200e+00	-5.75400e+00
2.20900e+00	-5.74300e+00
2.21600e+00	-5.73200e+00
2.22300e+00	-5.72100e+00
2.23000e+00	-5.71000e+00
2.23700e+00	-5.69900e+00
2.24400e+00	-5.68800e+00
2.25100e+00	-5.67700e+00
2.25800e+00	-5.66600e+00
2.26500e+00	-5.65500e+00
2.27200e+00	-5.64400e+00
2.27900e+00	-5.63300e+00
2.28600e+00	-5.62200e+00
2.29300e+00	-5.61100e+00
2.30000e+00	-5.60000e+00
2.30700e+00	-5.58900e+00
2.31400e+00	-5.57800e+00
2.32100e+00	-5.56700e+00
2.32800e+00	-5.55600e+00
2.33500e+00	-5.54500e+00
2.34200e+00	-5.53400e+00
2.34900e+00	-5.52300e+00
2.35600e+00	-5.51200e+00
2.36300e+00	-5.50100e+00
2.37000e+00	-5.49000e+00
2.37700e+00	-5.47900e+00
2.38400e+00	-5.46800e+00
2.39100e+00	-5.45700e+00
2.39800e+00	-5.44600e+00
2.40500e+00	-5.43500e+00
2.41200e+00	-5.42400e+00
2.41900e+00	-5.41300e+00
2.42600e+00	-5.40200e+00
2.43300e+00	-5.39100e+00
2.44000e+00	-5.38000e+00
2.44700e+00	-5.36900e+00
2.45400e+00	-5.35800e+00
2.46100e+00	-5.34700e+00
2.46800e+00	-5.33600e+00
2.47500e+00	-5.32500e+00
2.48200e+00	-5.31400e+00
2.48900e+00	-5.30300e+00
2.49600e+00	-5.29200e+00
2.50300e+00	-5.28100e+00
2.51000e+00	-5.27000e+00
2.51700e+00	-5.25900e+00
2.52400e+00	-5.24800e+00
2.53100e+00	-5.23700e+00
2.53800e+00	-5.22600e+00
2.54500e+00	-5.21500e+00
2.55200e+00	-5.20400e+00
2.55900e+00	-5.19300e+00
2.56600e+00	-5.18200e+00
2.57300e+00	-5.17100e+00
2.58000e+00	-5.16000e+00
2.58700e+00	-5.14900e+00
2.59400e+00	-5.13800e+00
2.60100e+00	-5.12700e+00
2.60800e+00	-5.11600e+00
2.61500e+00	-5.10500e+00
2.62200e+00	-5.09400e+00
2.62900e+00	-5.08300e+00
2.63600e+00	-5.07200e+00
2.64300e+00	-5.06100e+00
2.65000e+00	-5.05000e+00
2.65700e+00	-5.03900e+00
2.66400e+00	-5.02800e+00
2.67100e+00	-5.01700e+00
2.67800e+00	-5.00600e+00
2.68500e+00	-4.99500e+00
2.69200e+00	-4.98400e+00
2.69900e+00	-4.97300e+00
2.70600e+00	-4.96200e+00
2.71300e+00	-4.95100e+00
2.72000e+00	-4.94000e+00
2.72700e+00	-4.92900e+00
2.73400e+00	-4.91800e+00
2.74100e+00	-4.90700e+00
2.74800e+00	-4.89600e+00
2.75500e+00	-4.88500e+00
2.76200e+00	-4.87400e+00
2.76900e+00	-4.86300e+00
2.77600e+00	-4.85200e+00
2.78300e+00	-4.84100e+00
2.79000e+00	-4.83000e+00
2.79700e+00	-4.81900e+00
2.80400e+00	-4.80800e+00
2.81100e+00	-4.79700e+00
2.81800e+00	-4.78600e+00
2.82500e+00	-4.77500e+00
2.83200e+00	-4.76400e+00
2.83900e+00	-4.75300e+00
2.84600e+00	-4.74200e+00
2.85300e+00	-4.73100e+00
2.86000e+00	-4.72000e+00
2.86700e+00	-4.70900e+00
2.87400e+00	-4.69800e+00
2.88100e+00	-4.68700e+00
2.88800e+00	-4.67600e+00
2.89500e+00	-4.66500e+00
2.90200e+00	-4.65400e+00
2.90900e+00	-4.64300e+00
2.91600e+00	-4.63200e+00
2.92300e+00	-4.62100e+00
2.93000e+00	-4.61000e+00
2.93700e+00	-4.59900e+00
2.94400e+00	-4.58800e+00
2.95100e+00	-4.57700e+00
2.95800e+00	-4.56600e+00
2.96500e+00	-4.55500e+00
2.97200e+00	-4.54400e+00
2.97900e+00	-4.53300e+00
2.98600e+00	-4.52200e+00
2.99300e+00	-4.51100e+00
3.00000e+00	-4.50000e+00
0.00000e+00	-4.48900e+00
0.00000e+00	-4.47800e+00
0.00000e+00	-4.46700e+00
0.00000e+00	-4.45600e+00
0.00000e+00	-4.44500e+00
0.00000e+00	-4.43400e+00
0.00000e+00	-4.42300e+00
0.00000e+00	-4.41200e+00
0.00000e+00	-4.40100e+00
0.00000e+00	-4.39000e+00
0.00000e+00	-4.37900e+00
0.00000e+00	-4.36800e+00
0.00000e+00	-4.35700e+00
0.00000e+00	-4.34600e+00
0.00000e+00	-4.33500e+00
0.00000e+00	-4.32400e+00
0.00000e+00	-4.31300e+00
0.00000e+00	-4.30200e+00
0.00000e+00	-4.29100e+00
0.00000e+00	-4.28000e+00
0.00000e+00	-4.26900e+00
0.00000e+00	-4.25800e+00
0.00000e+00	-4.24700e+00
0.00000e+00	-4.23600e+00
0.00000e+00	-4.22500e+00
0.00000e+00	-4.21400e+00
0.00000e+00	-4.20300e+00
0.00000e+00	-4.19200e+00
0.00000e+00	-4.18100e+00
0.00000e+00	-4.17000e+00
0.00000e+00	-4.15900e+00
0.00000e+00	-4.14800e+00
0.00000e+00	-4.13700e+00
0.00000e+00	-4.12600e+00
0.00000e+00	-4.11500e+00
0.00000e+00	-4.10400e+00
0.00000e+00	-4.09300e+00
0.00000e+00	-4.08200e+00
0.00000e+00	-4.07100e+00
0.00000e+00	-4.06000e+00
0.00000e+00	-4.04900e+00
0.00000e+00	-4.03800e+00
0.00000e+00	-4.02700e+00
0.00000e+00	-4.01600e+00
0.00000e+00	-4.00500e+00
0.00000e+00	-3.99400e+00
0.00000e+00	-3.98300e+00
0.00000e+00	-3.97200e+00
0.00000e+00	-3.96100e+00
0.00000e+00	-3.95000e+00
0.00000e+00	-3.93900e+00
0.00000e+00	-3.92800e+00
0.00000e+00	-3.91700e+00
0.00000e+00	-3.90600e+00
0.00000e+00	-3.89500e+00
0.00000e+00	-3.88400e+00
0.00000e+00	-3.87300e+00
0.00000e+00	-3.86200e+00
0.00000e+00	-3.85100e+00
0.00000e+00	-3.84000e+00
0.00000e+00	-3.82900e+00
0.00000e+00	-3.81800e+00
0.00000e+00	-3.80700e+00
0.00000e+00	-3.79600e+00
0.00000e+00	-3.78500e+00
0.00000e+00	-3.77400e+00
0.00000e+00	-3.76300e+00
0.00000e+00	-3.75200e+00
0.00000e+00	-3.74100e+00
0.00000e+00	-3.73000e+00
0.00000e+00	-3.71900e+00
0.00000e+00	-3.70800e+00
0.00000e+00	-3.69700e+00
0.00000e+00	-3.68600e+00
0.00000e+00	-3.67500e+00
0.00000e+00	-3.66400e+00
0.00000e+00	-3.65300e+00
0.00000e+00	-3.64200e+00
0.00000e+00	-3.63100e+00
0.00000e+00	-3.62000e+00
0.00000e+00	-3.60900e+00
0.00000e+00	-3.59800e+00
0.00000e+00	-3.58700e+00
0.00000e+00	-3.57600e+00
0.00000e+00	-3.56500e+00
0.00000e+00	-3.55400e+00
0.00000e+00	-3.54300e+00
0.00000e+00	-3.53200e+00
0.00000e+00	-3.52100e+00
0.00000e+00	-3.51000e+00
0.00000e+00	-3.49900e+00
0.00000e+00	-3.48800e+00
0.00000e+00	-3.47700e+00
0.00000e+00	-3.46600e+00
0.00000e+00	-3.45500e+00
0.00000e+00	-3.44400e+00
0.00000e+00	-3.43300e+00
0.00000e+00	-3.42200e+00
0.00000e+00	-3.41100e+00
0.00000e+00	-3.40000e+00
0.00000e+00	-3.38900e+00
0.00000e+00	-3.37800e+00
0.00000e+00	-3.36700e+00
0.00000e+00	-3.35600e+00
0.00000e+00	-3.34500e+00
0.00000e+00	-3.33400e+00
0.00000e+00	-3.32300e+00
0.00000e+00	-3.31200e+00
0.00000e+00	-3.30100e+00
0.00000e+00	-3.29000e+00
0.00000e+00	-3.27900e+00
0.00000e+00	-3.26800e+00
0.00000e+00	-3.25700e+00
0.00000e+00	-3.24600e+00
0.00000e+00	-3.23500e+00
0.00000e+00	-3.22400e+00
0.00000e+00	-3.21300e+00
0.00000e+00	-3.20200e+00
0.00000e+00	-3.19100e+00
0.00000e+00	-3.18000e+00
0.00000e+00	-3.16900e+00
0.00000e+00	-3.15800e+00
0.00000e+00	-3.14700e+00
0.00000e+00	-3.13600e+00
0.00000e+00	-3.12500e+00
0.00000e+00	-3.11400e+00
0.00000e+00	-3.10300e+00
0.00000e+00	-3.09200e+00
0.00000e+00	-3.08100e+00
0.00000e+00	-3.07000e+00
0.00000e+00	-3.05900e+00
0.00000e+00	-3.04800e+00
0.00000e+00	-3.03700e+00
0.00000e+00	-3.02600e+00
0.00000e+00	-3.01500e+00
0.00000e+00	-3.00400e+00
0.00000e+00	-2.99300e+00
0.00000e+00	-2.98200e+00
0.00000e+00	-2.97100e+00
0.00000e+00	-2.96000e+00
0.00000e+00	-2.94900e+00
0.00000e+00	-2.93800e+00
0.00000e+00	-2.92700e+00
0.00000e+00	-2.91600e+00
0.00000e+00	-2.90500e+00
0.00000e+00	-2.89400e+00
0.00000e+00	-2.88300e+00
0.00000e+00	-2.87200e+00
0.00000e+00	-2.86100e+00
0.00000e+00	-2.85000e+00
0.00000e+00	-2.83900e+00
0.00000e+00	-2.82800e+00
0.00000e+00	-2.81700e+00
0.00000e+00	-2.80600e+00
0.00000e+00	-2.79500e+00
0.00000e+00	-2.78400e+00
0.00000e+00	-2.77300e+00
0.00000e+00	-2.76200e+00
0.00000e+00	-2.75100e+00
0.00000e+00	-2.74000e+00
0.00000e+00	-2.72900e+00
0.00000e+00	-2.71800e+00
0.00000e+00	-2.70700e+00
0.00000e+00	-2.69600e+00
0.00000e+00	-2.68500e+00
0.00000e+00	-2.67400e+00
0.00000e+00	-2.66300e+00
0.00000e+00	-2.65200e+00
0.00000e+00	-2.64100e+00
0.00000e+00	-2.63000e+00
0.00000e+00	-2.61900e+00
0.00000e+00	-2.60800e+00
0.00000e+00	-2.59700e+00
0.00000e+00	-2.58600e+00
0.00000e+00	-2.57500e+00
0.00000e+00	-2.56400e+00
0.00000e+00	-2.55300e+00
0.00000e+00	-2.54200e+00
0.00000e+00	-2.53100e+00
0.00000e+00	-2.52000e+00
0.00000e+00	-2.50900e+00
0.00000e+00	-2.49800e+00
0.00000e+00	-2.48700e+00
0.00000e+00	-2.47600e+00
0.00000e+00	-2.46500e+00
0.00000e+00	-2.45400e+00
0.00000e+00	-2.44300e+00
0.00000e+00	-2.43200e+00
0.00000e+00	-2.42100e+00
0.00000e+00	-2.41000e+00
0.00000e+00	-2.39900e+00
0.00000e+00	-2.38800e+00
0.00000e+00	-2.37700e+00
0.00000e+00	-2.36600e+00
0.00000e+00	-2.35500e+00
0.00000e+00	-2.34400e+00
0.00000e+00	-2.33300e+00
0.00000e+00	-2.32200e+00
0.00000e+00	-2.31100e+00
0.00000e+00	-2.30000e+00
0.00000e+00	-2.28900e+00
0.00000e+00	-2.27800e+00
0.00000e+00	-2.26700e+00
0.00000e+00	-2.25600e+00
0.00000e+00	-2.24500e+00
0.00000e+00	-2.23400e+00
0.00000e+00	-2.22300e+00
0.00000e+00	-2.21200e+00
0.00000e+00	-2.20100e+00
0.00000e+00	-2.19000e+00
0.00000e+00	-2.17900e+00
0.00000e+00	-2.16800e+00
0.00000e+00	-2.15700e+00
0.00000e+00	-2.14600e+00
0.00000e+00	-2.13500e+00
0.00000e+00	-2.12400e+00
0.00000e+00	-2.11300e+00
0.00000e+00	-2.10200e+00
0.00000e+00	-2.09100e+00
0.00000e+00	-2.08000e+00
0.00000e+00	-2.06900e+00
0.00000e+00	-2.05800e+00
0.00000e+00	-2.04700e+00
0.00000e+00	-2.03600e+00
0.00000e+00	-2.02500e+00
0.00000e+00	-2.01400e+00
0.00000e+00	-2.00300e+00
0.00000e+00	-1.99200e+00
0.00000e+00	-1.98100e+00
0.00000e+00	-1.97000e+00
0.00000e+00	-1.95900e+00
0.00000e+00	-1.94800e+00
0.00000e+00	-1.93700e+00
0.00000e+00	-1.92600e+00
0.00000e+00	-1.91500e+00
0.00000e+00	-1.90400e+00
0.00000e+00	-1.89300e+00
0.00000e+00	-1.88200e+00
0.00000e+00	-1.87100e+00
0.00000e+00	-1.86000e+00
0.00000e+00	-1.84900e+00
0.00000e+00	-1.83800e+00
0.00000e+00	-1.82700e+00
0.00000e+00	-1.81600e+00
0.00000e+00	-1.80500e+00
0.00000e+00	-1.79400e+00
0.00000e+00	-1.78300e+00
0.00000e+00	-1.77200e+00
0.00000e+00	-1.76100e+00
0.00000e+00	-1.75000e+00
0.00000e+00	-1.73900e+00
0.00000e+00	-1.72800e+00
0.00000e+00	-1.71700e+00
0.00000e+00	-1.70600e+00
0.00000e+00	-1.69500e+00
0.00000e+00	-1.68400e+00
0.00000e+00	-1.67300e+00
0.00000e+00	-1.66200e+00
0.00000e+00	-1.65100e+00
0.00000e+00	-1.64000e+00
0.00000e+00	-1.62900e+00
0.00000e+00	-1.61800e+00
0.00000e+00	-1.60700e+00
0.00000e+00	-1.59600e+00
0.00000e+00	-1.58500e+00
0.00000e+00	-1.57400e+00
0.00000e+00	-1.56300e+00
0.00000e+00	-1.55200e+00
0.00000e+00	-1.54100e+00
0.00000e+00	-1.53000e+00
0.00000e+00	-1.51900e+00
0.00000e+00	-1.50800e+00
0.00000e+00	-1.49700e+00
0.00000e+00	-1.48600e+00
0.00000e+00	-1.47500e+00
0.00000e+00	-1.46400e+00
0.00000e+00	-1.45300e+00
0.00000e+00	-1.44200e+00
0.00000e+00	-1.43100e+00
0.00000e+00	-1.42000e+00
0.00000e+00	-1.40900e+00
0.00000e+00	-1.39800e+00
0.00000e+00	-1.38700e+00
0.00000e+00	-1.37600e+00
0.00000e+00	-1.36500e+00
0.00000e+00	-1.35400e+00
0.00000e+00	-1.34300e+00
0.00000e+00	-1.33200e+00
0.00000e+00	-1.32100e+00
0.00000e+00	-1.31000e+00
0.00000e+00	-1.29900e+00
0.00000e+00	-1.28800e+00
0.00000e+00	-1.27700e+00
0.00000e+00	-1.26600e+00
0.00000e+00	-1.25500e+00
0.00000e+00	-1.24400e+00
0.00000e+00	-1.23300e+00
0.00000e+00	-1.22200e+00
0.00000e+00	-1.21100e+00
0.00000e+00	-1.20000e+00
0.00000e+00	-1.18900e+00
0.00000e+00	-1.17800e+00
0.00000e+00	-1.16700e+00
0.00000e+00	-1.15600e+00
0.00000e+00	-1.14500e+00
0.00000e+00	-1.13400e+00
0.00000e+00	-1.12300e+00
0.00000e+00	-1.11200e+00
0.00000e+00	-1.10100e+00
0.00000e+00	-1.09000e+00
0.00000e+00	-1.07900e+00
0.00000e+00	-1.06800e+00
0.00000e+00	-1.05700e+00
0.00000e+00	-1.04600e+00
0.00000e+00	-1.03500e+00
0.00000e+00	-1.02400e+00
0.00000e+00	-1.01300e+00
0.00000e+00	-1.00200e+00
0.00000e+00	-9.91000e-01
0.00000e+00	-9.80000e-01
0.00000e+00	-9.69000e-01
0.00000e+00	-9.58000e-01
0.00000e+00	-9.47000e-01
0.00000e+00	-9.36000e-01
0.00000e+00	-9.25000e-01
0.00000e+00	-9.14000e-01
0.00000e+00	-9.03000e-01
0.00000e+00	-8.92000e-01
0.00000e+00	-8.81000e-01
0.00000e+00	-8.70000e-01
0.00000e+00	-8.59000e-01
0.00000e+00	-8.48000e-01
0.00000e+00	-8.37000e-01
0.00000e+00	-8.26000e-01
0.00000e+00	-8.15000e-01
0.00000e+00	-8.04000e-01
0.00000e+00	-7.93000e-01
0.00000e+00	-7.82000e-01
0.00000e+00	-7.71000e-01
0.00000e+00	-7.60000e-01
0.00000e+00	-7.49000e-01
0.00000e+00	-7.38000e-01
0.00000e+00	-7.27000e-01
0.00000e+00	-7.16000e-01
0.00000e+00	-7.05000e-01
0.00000e+00	-6.94000e-01
0.00000e+00	-6.83000e-01
0.00000e+00	-6.72000e-01
0.00000e+00	-6.61000e-01
0.00000e+00	-6.50000e-01
0.00000e+00	-6.39000e-01
0.00000e+00	-6.28000e-01
0.00000e+00	-6.17000e-01
0.00000e+00	-6.06000e-01
0.00000e+00	-5.95000e-01
0.00000e+00	-5.84000e-01
0.00000e+00	-5.73000e-01
0.00000e+00	-5.62000e-01
0.00000e+00	-5.51000e-01
0.00000e+00	-5.40000e-01
0.00000e+00	-5.29000e-01
0.00000e+00	-5.18000e-01
0.00000e+00	-5.07000e-01
0.00000e+00	-4.96000e-01
0.00000e+00	-4.85000e-01
0.00000e+00	-4.74000e-01
0.00000e+00	-4.63000e-01
0.00000e+00	-4.52000e-01
0.00000e+00	-4.41000e-01
0.00000e+00	-4.30000e-01
0.00000e+00	-4.19000e-01
0.00000e+00	-4.08000e-01
0.00000e+00	-3.97000e-01
0.00000e+00	-3.86000e-01
0.00000e+00	-3.75000e-01
0.00000e+00	-3.64000e-01
0.00000e+00	-3.53000e-01
0.00000e+00	-3.42000e-01
0.00000e+00	-3.31000e-01
0.00000e+00	-3.20000e-01
0.00000e+00	-3.09000e-01
0.00000e+00	-2.98000e-01
0.00000e+00	-2.87000e-01
0.00000e+00	-2.76000e-01
0.00000e+00	-2.65000e-01
0.00000e+00	-2.54000e-01
0.00000e+00	-2.43000e-01
0.00000e+00	-2.32000e-01
0.00000e+00	-2.21000e-01
0.00000e+00	-2.10000e-01
0.00000e+00	-1.99000e-01
0.00000e+00	-1.88000e-01
0.00000e+00	-1.77000e-01
0.00000e+00	-1.66000e-01
0.00000e+00	-1.55000e-01
0.00000e+00	-1.44000e-01
0.00000e+00	-1.33000e-01
0.00000e+00	-1.22000e-01
0.00000e+00	-1.11000e-01
0.00000e+00	-1.00000e-01
0.00000e+00	-8.90000e-02
0.00000e+00	-7.80000e-02
0.00000e+00	-6.70000e-02
0.00000e+00	-5.60000e-02
0.00000e+00	-4.50000e-02
0.00000e+00	-3.40000e-02
0.00000e+00	-2.30000e-02
0.00000e+00	-1.20000e-02
0.00000e+00	-1.00000e-03
0.00000e+00	1.00000e-02
0.00000e+00	2.10000e-02
0.00000e+00	3.20000e-02
0.00000e+00	4.30000e-02
0.00000e+00	5.40000e-02
0.00000e+00	6.50000e-02
0.00000e+00	7.60000e-02
0.00000e+00	8.70000e-02
0.00000e+00	9.80000e-02
0.00000e+00	1.09000e-01
0.00000e+00	1.20000e-01
0.00000e+00	1.31000e-01
0.00000e+00	1.42000e-01
0.00000e+00	1.53000e-01
0.00000e+00	1.64000e-01
0.00000e+00	1.75000e-01
0.00000e+00	1.86000e-01
0.00000e+00	1.97000e-01
0.00000e+00	2.08000e-01
0.00000e+00	2.19000e-01
0.00000e+00	2.30000e-01
0.00000e+00	2.41000e-01
0.00000e+00	2.52000e-01
0.00000e+00	2.63000e-01
0.00000e+00	2.74000e-01
0.00000e+00	2.85000e-01
0.00000e+00	2.96000e-01
0.00000e+00	3.07000e-01
0.00000e+00	3.18000e-01
0.00000e+00	3.29000e-01
0.00000e+00	3.40000e-01
0.00000e+00	3.51000e-01
0.00000e+00	3.62000e-01
0.00000e+00	3.73000e-01
0.00000e+00	3.84000e-01
0.00000e+00	3.95000e-01
0.00000e+00	4.06000e-01
0.00000e+00	4.17000e-01
0.00000e+00	4.28000e-01
0.00000e+00	4.39000e-01
0.00000e+00	4.50000e-01
0.00000e+00	4.61000e-01
0.00000e+00	4.72000e-01
0.00000e+00	4.83000e-01
0.00000e+00	4.94000e-01
0.00000e+00	5.05000e-01
0.00000e+00	5.16000e-01
0.00000e+00	5.27000e-01
0.00000e+00	5.38000e-01
0.00000e+00	5.49000e-01
0.00000e+00	5.60000e-01
0.00000e+00	5.71000e-01
0.00000e+00	5.82000e-01
0.00000e+00	5.93000e-01
0.00000e+00	6.04000e-01
0.00000e+00	6.15000e-01
0.00000e+00	6.26000e-01
0.00000e+00	6.37000e-01
0.00000e+00	6.48000e-01
0.00000e+00	6.59000e-01
0.00000e+00	6.70000e-01
0.00000e+00	6.81000e-01
0.00000e+00	6.92000e-01
0.00000e+00	7.03000e-01
0.00000e+00	7.14000e-01
0.00000e+00	7.25000e-01
0.00000e+00	7.36000e-01
0.00000e+00	7.47000e-01
0.00000e+00	7.58000e-01
0.00000e+00	7.69000e-01
0.00000e+00	7.80000e-01
0.00000e+00	7.91000e-01
0.00000e+00	8.02000e-01
0.00000e+00	8.13000e-01
0.00000e+00	8.24000e-01
0.00000e+00	8.35000e-01
0.00000e+00	8.46000e-01
0.00000e+00	8.57000e-01
0.00000e+00	8.68000e-01
0.00000e+00	8.79000e-01
0.00000e+00	8.90000e-01
0.00000e+00	9.01000e-01
0.00000e+00	9.12000e-01
0.00000e+00	9.23000e-01
0.00000e+00	9.34000e-01
0.00000e+00	9.45000e-01
0.00000e+00	9.56000e-01
0.00000e+00	9.67000e-01
0.00000e+00	9.78000e-01
0.00000e+00	9.89000e-01
0.00000e+00	1.00000e+00
