-1.00000e+01	0.00000e+00
-9.99000e+00	0.00000e+00
-9.98000e+00	0.00000e+00
-9.97000e+00	0.00000e+00
-9.96000e+00	0.00000e+00
-9.95000e+00	0.00000e+00
-9.94000e+00	0.00000e+00
-9.93000e+00	0.00000e+00
-9.92000e+00	0.00000e+00
-9.91000e+00	0.00000e+00
-9.90000e+00	0.00000e+00
-9.89000e+00	0.00000e+00
-9.88000e+00	0.00000e+00
-9.87000e+00	0.00000e+00
-9.86000e+00	0.00000e+00
-9.85000e+00	0.00000e+00
-9.84000e+00	0.00000e+00
-9.83000e+00	0.00000e+00
-9.82000e+00	0.00000e+00
-9.81000e+00	0.00000e+00
-9.80000e+00	0.00000e+00
-9.79000e+00	0.00000e+00
-9.78000e+00	0.00000e+00
-9.77000e+00	7.29800e+03
-9.76000e+00	7.00000e+01
-9.75000e+00	0.00000e+00
-9.74000e+00	6.82800e+03
-9.73000e+00	0.00000e+00
-9.72000e+00	0.00000e+00
-9.71000e+00	0.00000e+00
-9.70000e+00	0.00000e+00
-9.69000e+00	0.00000e+00
-9.68000e+00	0.00000e+00
-9.67000e+00	0.00000e+00
-9.66000e+00	0.00000e+00
-9.65000e+00	0.00000e+00
-9.64000e+00	0.00000e+00
-9.63000e+00	0.00000e+00
-9.62000e+00	0.00000e+00
-9.61000e+00	0.00000e+00
-9.60000e+00	0.00000e+00
-9.59000e+00	7.07500e+03
-9.58000e+00	0.00000e+00
-9.57000e+00	6.73600e+03
-9.56000e+00	0.00000e+00
-9.55000e+00	0.00000e+00
-9.54000e+00	0.00000e+00
-9.53000e+00	0.00000e+00
-9.52000e+00	0.00000e+00
-9.51000e+00	0.00000e+00
-9.50000e+00	0.00000e+00
-9.49000e+00	0.00000e+00
-9.48000e+00	0.00000e+00
-9.47000e+00	0.00000e+00
-9.46000e+00	7.19900e+03
-9.45000e+00	5.80000e+01
-9.44000e+00	6.72300e+03
-9.43000e+00	0.00000e+00
-9.42000e+00	0.00000e+00
-9.41000e+00	0.00000e+00
-9.40000e+00	0.00000e+00
-9.39000e+00	0.00000e+00
-9.38000e+00	0.00000e+00
-9.37000e+00	0.00000e+00
-9.36000e+00	7.37400e+03
-9.35000e+00	6.62800e+03
-9.34000e+00	0.00000e+00
-9.33000e+00	0.00000e+00
-9.32000e+00	0.00000e+00
-9.31000e+00	0.00000e+00
-9.30000e+00	0.00000e+00
-9.29000e+00	0.00000e+00
-9.28000e+00	7.39400e+03
-9.27000e+00	6.55000e+03
-9.26000e+00	0.00000e+00
-9.25000e+00	0.00000e+00
-9.24000e+00	0.00000e+00
-9.23000e+00	0.00000e+00
-9.22000e+00	0.00000e+00
-9.21000e+00	1.38460e+04
-9.20000e+00	0.00000e+00
-9.19000e+00	0.00000e+00
-9.18000e+00	0.00000e+00
-9.17000e+00	0.00000e+00
-9.16000e+00	0.00000e+00
-9.15000e+00	1.37020e+04
-9.14000e+00	0.00000e+00
-9.13000e+00	0.00000e+00
-9.12000e+00	0.00000e+00
-9.11000e+00	0.00000e+00
-9.10000e+00	1.34910e+04
-9.09000e+00	0.00000e+00
-9.08000e+00	0.00000e+00
-9.07000e+00	0.00000e+00
-9.06000e+00	5.97400e+03
-9.05000e+00	7.75100e+03
-9.04000e+00	0.00000e+00
-9.03000e+00	0.00000e+00
-9.02000e+00	6.10100e+03
-9.01000e+00	7.65300e+03
-9.00000e+00	0.00000e+00
-8.99000e+00	0.00000e+00
-8.98000e+00	5.83300e+03
-8.97000e+00	7.93000e+03
-8.96000e+00	0.00000e+00
-8.95000e+00	5.68700e+03
-8.94000e+00	5.90000e+01
-8.93000e+00	7.88700e+03
-8.92000e+00	0.00000e+00
-8.91000e+00	5.80000e+03
-8.90000e+00	7.87100e+03
-8.89000e+00	0.00000e+00
-8.88000e+00	5.80100e+03
-8.87000e+00	8.01700e+03
-8.86000e+00	5.68100e+03
-8.85000e+00	7.70000e+01
-8.84000e+00	7.87900e+03
-8.83000e+00	5.55200e+03
-8.82000e+00	7.97400e+03
-8.81000e+00	5.40200e+03
-8.80000e+00	0.00000e+00
-8.79000e+00	8.10900e+03
-8.78000e+00	5.51100e+03
-8.77000e+00	8.08800e+03
-8.76000e+00	5.38100e+03
-8.75000e+00	0.00000e+00
-8.74000e+00	1.33950e+04
-8.73000e+00	0.00000e+00
-8.72000e+00	1.33320e+04
-8.71000e+00	6.00000e+01
-8.70000e+00	1.31160e+04
-8.69000e+00	4.96100e+03
-8.68000e+00	8.23700e+03
-8.67000e+00	4.61900e+03
-8.66000e+00	8.34800e+03
-8.65000e+00	4.62000e+03
-8.64000e+00	1.31210e+04
-8.63000e+00	0.00000e+00
-8.62000e+00	1.27670e+04
-8.61000e+00	1.27830e+04
-8.60000e+00	1.10000e+02
-8.59000e+00	1.29370e+04
-8.58000e+00	4.16100e+03
-8.57000e+00	1.28390e+04
-8.56000e+00	8.67800e+03
-8.55000e+00	3.88900e+03
-8.54000e+00	1.23100e+04
-8.53000e+00	1.24190e+04
-8.52000e+00	1.24260e+04
-8.51000e+00	3.61900e+03
-8.50000e+00	1.21510e+04
-8.49000e+00	1.20560e+04
-8.48000e+00	1.21440e+04
-8.47000e+00	3.32400e+03
-8.46000e+00	1.17770e+04
-8.45000e+00	1.17540e+04
-8.44000e+00	1.17760e+04
-8.43000e+00	1.17210e+04
-8.42000e+00	1.16820e+04
-8.41000e+00	1.17430e+04
-8.40000e+00	2.84800e+03
-8.39000e+00	1.15720e+04
-8.38000e+00	1.41690e+04
-8.37000e+00	1.14630e+04
-8.36000e+00	1.14350e+04
-8.35000e+00	1.40370e+04
-8.34000e+00	1.14040e+04
-8.33000e+00	1.33790e+04
-8.32000e+00	2.01710e+04
-8.31000e+00	1.31160e+04
-8.30000e+00	1.10140e+04
-8.29000e+00	1.26830e+04
-8.28000e+00	1.07610e+04
-8.27000e+00	1.24810e+04
-8.26000e+00	1.24760e+04
-8.25000e+00	2.15260e+04
-8.24000e+00	1.08200e+04
-8.23000e+00	1.20670e+04
-8.22000e+00	2.11280e+04
-8.21000e+00	1.16780e+04
-8.20000e+00	1.18360e+04
-8.19000e+00	2.08040e+04
-8.18000e+00	1.26050e+04
-8.17000e+00	2.06410e+04
-8.16000e+00	1.14530e+04
-8.15000e+00	2.16160e+04
-8.14000e+00	1.15550e+04
-8.13000e+00	2.15710e+04
-8.12000e+00	1.13350e+04
-8.11000e+00	2.13590e+04
-8.10000e+00	1.18440e+04
-8.09000e+00	2.09040e+04
-8.08000e+00	2.01190e+04
-8.07000e+00	2.16290e+04
-8.06000e+00	1.15290e+04
-8.05000e+00	2.05220e+04
-8.04000e+00	2.07600e+04
-8.03000e+00	2.15260e+04
-8.02000e+00	2.12120e+04
-8.01000e+00	2.17060e+04
-8.00000e+00	2.12540e+04
-7.99000e+00	2.11180e+04
-7.98000e+00	2.08410e+04
-7.97000e+00	2.09690e+04
-7.96000e+00	2.15700e+04
-7.95000e+00	2.12850e+04
-7.94000e+00	2.15160e+04
-7.93000e+00	3.12320e+04
-7.92000e+00	2.13010e+04
-7.91000e+00	2.15070e+04
-7.90000e+00	2.21240e+04
-7.89000e+00	3.22160e+04
-7.88000e+00	2.20980e+04
-7.87000e+00	3.19630e+04
-7.86000e+00	2.19300e+04
-7.85000e+00	3.18910e+04
-7.84000e+00	2.20140e+04
-7.83000e+00	3.21800e+04
-7.82000e+00	3.26090e+04
-7.81000e+00	2.30260e+04
-7.80000e+00	3.30520e+04
-7.79000e+00	3.24040e+04
-7.78000e+00	3.23370e+04
-7.77000e+00	2.24710e+04
-7.76000e+00	3.33700e+04
-7.75000e+00	3.29570e+04
-7.74000e+00	3.27300e+04
-7.73000e+00	3.31550e+04
-7.72000e+00	3.32980e+04
-7.71000e+00	3.34490e+04
-7.70000e+00	4.32630e+04
-7.69000e+00	3.28350e+04
-7.68000e+00	3.26870e+04
-7.67000e+00	3.29320e+04
-7.66000e+00	4.34360e+04
-7.65000e+00	3.31000e+04
-7.64000e+00	4.21140e+04
-7.63000e+00	3.14650e+04
-7.62000e+00	4.12110e+04
-7.61000e+00	3.08890e+04
-7.60000e+00	3.95000e+04
-7.59000e+00	3.00050e+04
-7.58000e+00	3.80170e+04
-7.57000e+00	3.72980e+04
-7.56000e+00	3.53260e+04
-7.55000e+00	3.30830e+04
-7.54000e+00	2.47870e+04
-7.53000e+00	3.25810e+04
-7.52000e+00	3.25190e+04
-7.51000e+00	2.94470e+04
-7.50000e+00	3.29820e+04
-7.49000e+00	2.54660e+04
-7.48000e+00	2.41590e+04
-7.47000e+00	2.29890e+04
-7.46000e+00	2.25400e+04
-7.45000e+00	2.65350e+04
-7.44000e+00	1.99260e+04
-7.43000e+00	1.90580e+04
-7.42000e+00	2.30060e+04
-7.41000e+00	1.79990e+04
-7.40000e+00	2.13230e+04
-7.39000e+00	2.02250e+04
-7.38000e+00	1.58300e+04
-7.37000e+00	1.91470e+04
-7.36000e+00	1.83680e+04
-7.35000e+00	1.46860e+04
-7.34000e+00	1.75400e+04
-7.33000e+00	1.66930e+04
-7.32000e+00	1.65420e+04
-7.31000e+00	1.63240e+04
-7.30000e+00	1.60830e+04
-7.29000e+00	1.52730e+04
-7.28000e+00	1.53920e+04
-7.27000e+00	1.48140e+04
-7.26000e+00	1.46460e+04
-7.25000e+00	1.73500e+04
-7.24000e+00	1.40210e+04
-7.23000e+00	1.37170e+04
-7.22000e+00	1.64040e+04
-7.21000e+00	1.34400e+04
-7.20000e+00	1.32740e+04
-7.19000e+00	1.56910e+04
-7.18000e+00	1.28380e+04
-7.17000e+00	1.50990e+04
-7.16000e+00	1.25920e+04
-7.15000e+00	1.48730e+04
-7.14000e+00	1.45870e+04
-7.13000e+00	1.19910e+04
-7.12000e+00	1.41970e+04
-7.11000e+00	1.40820e+04
-7.10000e+00	1.36960e+04
-7.09000e+00	1.36860e+04
-7.08000e+00	1.34950e+04
-7.07000e+00	1.31230e+04
-7.06000e+00	1.09300e+04
-7.05000e+00	1.50800e+04
-7.04000e+00	1.32870e+04
-7.03000e+00	1.25990e+04
-7.02000e+00	1.23770e+04
-7.01000e+00	1.22950e+04
-7.00000e+00	1.23220e+04
-6.99000e+00	1.19670e+04
-6.98000e+00	1.38060e+04
-6.97000e+00	1.18640e+04
-6.96000e+00	1.15260e+04
-6.95000e+00	1.15750e+04
-6.94000e+00	1.31290e+04
-6.93000e+00	1.12960e+04
-6.92000e+00	1.29450e+04
-6.91000e+00	1.08470e+04
-6.90000e+00	1.26050e+04
-6.89000e+00	1.07650e+04
-6.88000e+00	1.23490e+04
-6.87000e+00	1.02610e+04
-6.86000e+00	1.20260e+04
-6.85000e+00	1.18460e+04
-6.84000e+00	9.97000e+03
-6.83000e+00	1.15220e+04
-6.82000e+00	1.14200e+04
-6.81000e+00	9.74700e+03
-6.80000e+00	1.11280e+04
-6.79000e+00	1.08570e+04
-6.78000e+00	1.10250e+04
-6.77000e+00	1.06570e+04
-6.76000e+00	1.06020e+04
-6.75000e+00	8.99800e+03
-6.74000e+00	1.03150e+04
-6.73000e+00	1.00060e+04
-6.72000e+00	1.00250e+04
-6.71000e+00	1.00580e+04
-6.70000e+00	9.72700e+03
-6.69000e+00	9.66400e+03
-6.68000e+00	9.66300e+03
-6.67000e+00	9.43000e+03
-6.66000e+00	9.32800e+03
-6.65000e+00	1.04470e+04
-6.64000e+00	9.08000e+03
-6.63000e+00	8.84000e+03
-6.62000e+00	8.97300e+03
-6.61000e+00	8.67200e+03
-6.60000e+00	8.65200e+03
-6.59000e+00	9.52300e+03
-6.58000e+00	8.50900e+03
-6.57000e+00	8.23600e+03
-6.56000e+00	8.24700e+03
-6.55000e+00	9.07800e+03
-6.54000e+00	8.08100e+03
-6.53000e+00	7.81900e+03
-6.52000e+00	8.76000e+03
-6.51000e+00	7.74700e+03
-6.50000e+00	8.58100e+03
-6.49000e+00	7.38600e+03
-6.48000e+00	7.41200e+03
-6.47000e+00	8.29000e+03
-6.46000e+00	7.05100e+03
-6.45000e+00	8.10600e+03
-6.44000e+00	6.96500e+03
-6.43000e+00	7.85900e+03
-6.42000e+00	6.68400e+03
-6.41000e+00	7.67500e+03
-6.40000e+00	6.54200e+03
-6.39000e+00	7.42300e+03
-6.38000e+00	6.42700e+03
-6.37000e+00	7.24400e+03
-6.36000e+00	6.24200e+03
-6.35000e+00	6.97700e+03
-6.34000e+00	6.05000e+03
-6.33000e+00	6.81800e+03
-6.32000e+00	6.77300e+03
-6.31000e+00	5.67400e+03
-6.30000e+00	6.60000e+03
-6.29000e+00	6.40500e+03
-6.28000e+00	5.59100e+03
-6.27000e+00	6.25700e+03
-6.26000e+00	5.44600e+03
-6.25000e+00	6.02500e+03
-6.24000e+00	6.02500e+03
-6.23000e+00	5.94600e+03
-6.22000e+00	5.04500e+03
-6.21000e+00	5.76000e+03
-6.20000e+00	5.73400e+03
-6.19000e+00	4.85400e+03
-6.18000e+00	5.47800e+03
-6.17000e+00	5.54100e+03
-6.16000e+00	5.31900e+03
-6.15000e+00	4.69500e+03
-6.14000e+00	5.25600e+03
-6.13000e+00	5.11300e+03
-6.12000e+00	5.14200e+03
-6.11000e+00	5.04300e+03
-6.10000e+00	4.29800e+03
-6.09000e+00	4.86300e+03
-6.08000e+00	4.89400e+03
-6.07000e+00	4.68800e+03
-6.06000e+00	4.68400e+03
-6.05000e+00	4.06000e+03
-6.04000e+00	4.53600e+03
-6.03000e+00	4.51600e+03
-6.02000e+00	4.42200e+03
-6.01000e+00	4.38200e+03
-6.00000e+00	4.31100e+03
-5.99000e+00	4.29400e+03
-5.98000e+00	3.76700e+03
-5.97000e+00	4.08900e+03
-5.96000e+00	4.13400e+03
-5.95000e+00	4.06100e+03
-5.94000e+00	3.97500e+03
-5.93000e+00	3.94600e+03
-5.92000e+00	3.86700e+03
-5.91000e+00	3.85600e+03
-5.90000e+00	3.81700e+03
-5.89000e+00	3.29900e+03
-5.88000e+00	3.71800e+03
-5.87000e+00	3.72600e+03
-5.86000e+00	3.58300e+03
-5.85000e+00	3.63700e+03
-5.84000e+00	3.53000e+03
-5.83000e+00	3.53300e+03
-5.82000e+00	3.41000e+03
-5.81000e+00	3.46400e+03
-5.80000e+00	3.37900e+03
-5.79000e+00	3.40700e+03
-5.78000e+00	3.31900e+03
-5.77000e+00	3.28200e+03
-5.76000e+00	3.22700e+03
-5.75000e+00	3.30000e+03
-5.74000e+00	3.22300e+03
-5.73000e+00	3.16700e+03
-5.72000e+00	2.75700e+03
-5.71000e+00	3.12800e+03
-5.70000e+00	3.04400e+03
-5.69000e+00	3.03300e+03
-5.68000e+00	3.07200e+03
-5.67000e+00	3.01000e+03
-5.66000e+00	2.94100e+03
-5.65000e+00	2.98500e+03
-5.64000e+00	3.01300e+03
-5.63000e+00	2.91000e+03
-5.62000e+00	2.90300e+03
-5.61000e+00	2.88100e+03
-5.60000e+00	2.97900e+03
-5.59000e+00	2.90700e+03
-5.58000e+00	2.87500e+03
-5.57000e+00	2.91200e+03
-5.56000e+00	2.89000e+03
-5.55000e+00	2.96600e+03
-5.54000e+00	2.85900e+03
-5.53000e+00	2.88300e+03
-5.52000e+00	2.87300e+03
-5.51000e+00	2.79900e+03
-5.50000e+00	3.17600e+03
-5.49000e+00	2.82100e+03
-5.48000e+00	2.81000e+03
-5.47000e+00	2.77600e+03
-5.46000e+00	2.80700e+03
-5.45000e+00	2.68200e+03
-5.44000e+00	2.78600e+03
-5.43000e+00	2.80000e+03
-5.42000e+00	2.74000e+03
-5.41000e+00	2.74900e+03
-5.40000e+00	2.79800e+03
-5.39000e+00	2.77400e+03
-5.38000e+00	2.71600e+03
-5.37000e+00	2.67900e+03
-5.36000e+00	2.79100e+03
-5.35000e+00	2.70100e+03
-5.34000e+00	2.70000e+03
-5.33000e+00	2.69800e+03
-5.32000e+00	2.80000e+03
-5.31000e+00	2.73700e+03
-5.30000e+00	2.75300e+03
-5.29000e+00	2.78400e+03
-5.28000e+00	2.79000e+03
-5.27000e+00	2.72000e+03
-5.26000e+00	3.02300e+03
-5.25000e+00	2.65700e+03
-5.24000e+00	2.70300e+03
-5.23000e+00	2.68800e+03
-5.22000e+00	2.68000e+03
-5.21000e+00	2.78400e+03
-5.20000e+00	2.79600e+03
-5.19000e+00	2.76400e+03
-5.18000e+00	2.73100e+03
-5.17000e+00	2.76500e+03
-5.16000e+00	2.83600e+03
-5.15000e+00	2.77400e+03
-5.14000e+00	2.91000e+03
-5.13000e+00	2.87800e+03
-5.12000e+00	2.75400e+03
-5.11000e+00	2.91600e+03
-5.10000e+00	3.19700e+03
-5.09000e+00	2.80400e+03
-5.08000e+00	2.76800e+03
-5.07000e+00	2.80200e+03
-5.06000e+00	2.81700e+03
-5.05000e+00	2.86900e+03
-5.04000e+00	2.93800e+03
-5.03000e+00	2.93100e+03
-5.02000e+00	2.79800e+03
-5.01000e+00	2.92300e+03
-5.00000e+00	2.86200e+03
-4.99000e+00	2.82700e+03
-4.98000e+00	2.86000e+03
-4.97000e+00	3.23200e+03
-4.96000e+00	2.71900e+03
-4.95000e+00	2.89500e+03
-4.94000e+00	2.89100e+03
-4.93000e+00	2.78000e+03
-4.92000e+00	2.91900e+03
-4.91000e+00	2.78900e+03
-4.90000e+00	2.74800e+03
-4.89000e+00	2.89300e+03
-4.88000e+00	2.96600e+03
-4.87000e+00	2.84100e+03
-4.86000e+00	2.84000e+03
-4.85000e+00	3.25400e+03
-4.84000e+00	2.68200e+03
-4.83000e+00	2.76700e+03
-4.82000e+00	2.73700e+03
-4.81000e+00	2.68600e+03
-4.80000e+00	2.79500e+03
-4.79000e+00	2.79700e+03
-4.78000e+00	2.73200e+03
-4.77000e+00	2.70300e+03
-4.76000e+00	2.71400e+03
-4.75000e+00	2.81700e+03
-4.74000e+00	2.71600e+03
-4.73000e+00	3.00400e+03
-4.72000e+00	2.53300e+03
-4.71000e+00	2.63000e+03
-4.70000e+00	2.60800e+03
-4.69000e+00	2.70600e+03
-4.68000e+00	2.69600e+03
-4.67000e+00	2.74700e+03
-4.66000e+00	2.74800e+03
-4.65000e+00	2.78500e+03
-4.64000e+00	2.65700e+03
-4.63000e+00	2.63800e+03
-4.62000e+00	3.10500e+03
-4.61000e+00	2.64600e+03
-4.60000e+00	2.46500e+03
-4.59000e+00	2.57800e+03
-4.58000e+00	2.59300e+03
-4.57000e+00	2.59100e+03
-4.56000e+00	2.41000e+03
-4.55000e+00	2.35700e+03
-4.54000e+00	2.33600e+03
-4.53000e+00	2.40100e+03
-4.52000e+00	2.44400e+03
-4.51000e+00	2.55600e+03
-4.50000e+00	2.28400e+03
-4.49000e+00	2.30900e+03
-4.48000e+00	2.26100e+03
-4.47000e+00	2.17700e+03
-4.46000e+00	2.09000e+03
-4.45000e+00	2.26100e+03
-4.44000e+00	2.15300e+03
-4.43000e+00	2.14800e+03
-4.42000e+00	2.06600e+03
-4.41000e+00	2.39600e+03
-4.40000e+00	2.02100e+03
-4.39000e+00	2.16400e+03
-4.38000e+00	2.08700e+03
-4.37000e+00	2.09100e+03
-4.36000e+00	2.12100e+03
-4.35000e+00	2.02700e+03
-4.34000e+00	1.93900e+03
-4.33000e+00	2.06500e+03
-4.32000e+00	2.02300e+03
-4.31000e+00	2.03100e+03
-4.30000e+00	2.25700e+03
-4.29000e+00	2.07100e+03
-4.28000e+00	1.97700e+03
-4.27000e+00	1.96100e+03
-4.26000e+00	1.90500e+03
-4.25000e+00	1.80900e+03
-4.24000e+00	1.90800e+03
-4.23000e+00	1.89700e+03
-4.22000e+00	1.78700e+03
-4.21000e+00	1.88900e+03
-4.20000e+00	1.89500e+03
-4.19000e+00	1.75400e+03
-4.18000e+00	1.82400e+03
-4.17000e+00	1.76200e+03
-4.16000e+00	1.74800e+03
-4.15000e+00	1.80100e+03
-4.14000e+00	1.67600e+03
-4.13000e+00	1.69900e+03
-4.12000e+00	1.69700e+03
-4.11000e+00	1.64400e+03
-4.10000e+00	1.92000e+03
-4.09000e+00	1.70600e+03
-4.08000e+00	1.63800e+03
-4.07000e+00	1.58400e+03
-4.06000e+00	1.69500e+03
-4.05000e+00	1.61500e+03
-4.04000e+00	1.68100e+03
-4.03000e+00	1.60400e+03
-4.02000e+00	1.62200e+03
-4.01000e+00	1.63600e+03
-4.00000e+00	1.85500e+03
-3.99000e+00	1.57300e+03
-3.98000e+00	1.59400e+03
-3.97000e+00	1.60300e+03
-3.96000e+00	1.60600e+03
-3.95000e+00	1.66300e+03
-3.94000e+00	1.54600e+03
-3.93000e+00	1.54600e+03
-3.92000e+00	1.61800e+03
-3.91000e+00	1.54700e+03
-3.90000e+00	1.77600e+03
-3.89000e+00	1.52100e+03
-3.88000e+00	1.54700e+03
-3.87000e+00	1.61900e+03
-3.86000e+00	1.54300e+03
-3.85000e+00	1.54000e+03
-3.84000e+00	1.57900e+03
-3.83000e+00	1.62200e+03
-3.82000e+00	1.53000e+03
-3.81000e+00	1.55700e+03
-3.80000e+00	1.69200e+03
-3.79000e+00	1.51800e+03
-3.78000e+00	1.55100e+03
-3.77000e+00	1.42400e+03
-3.76000e+00	1.44900e+03
-3.75000e+00	1.46800e+03
-3.74000e+00	1.50000e+03
-3.73000e+00	1.53700e+03
-3.72000e+00	1.49600e+03
-3.71000e+00	1.46600e+03
-3.70000e+00	1.61900e+03
-3.69000e+00	1.46500e+03
-3.68000e+00	1.45500e+03
-3.67000e+00	1.48900e+03
-3.66000e+00	1.43500e+03
-3.65000e+00	1.43500e+03
-3.64000e+00	1.45000e+03
-3.63000e+00	1.39200e+03
-3.62000e+00	1.44700e+03
-3.61000e+00	1.40000e+03
-3.60000e+00	1.56400e+03
-3.59000e+00	1.38400e+03
-3.58000e+00	1.35000e+03
-3.57000e+00	1.42000e+03
-3.56000e+00	1.37700e+03
-3.55000e+00	1.41100e+03
-3.54000e+00	1.37700e+03
-3.53000e+00	1.35800e+03
-3.52000e+00	1.33400e+03
-3.51000e+00	1.33500e+03
-3.50000e+00	1.47800e+03
-3.49000e+00	1.32300e+03
-3.48000e+00	1.31200e+03
-3.47000e+00	1.36600e+03
-3.46000e+00	1.30500e+03
-3.45000e+00	1.27700e+03
-3.44000e+00	1.27600e+03
-3.43000e+00	1.27300e+03
-3.42000e+00	1.21700e+03
-3.41000e+00	1.32700e+03
-3.40000e+00	1.24500e+03
-3.39000e+00	1.15400e+03
-3.38000e+00	1.18700e+03
-3.37000e+00	1.17600e+03
-3.36000e+00	1.11600e+03
-3.35000e+00	1.12300e+03
-3.34000e+00	1.14000e+03
-3.33000e+00	1.08700e+03
-3.32000e+00	1.12000e+03
-3.31000e+00	1.24000e+03
-3.30000e+00	1.11600e+03
-3.29000e+00	1.06900e+03
-3.28000e+00	1.12000e+03
-3.27000e+00	1.02600e+03
-3.26000e+00	1.03200e+03
-3.25000e+00	1.06100e+03
-3.24000e+00	1.02200e+03
-3.23000e+00	1.01200e+03
-3.22000e+00	1.03000e+03
-3.21000e+00	1.10800e+03
-3.20000e+00	1.02900e+03
-3.19000e+00	9.76000e+02
-3.18000e+00	9.26000e+02
-3.17000e+00	9.79000e+02
-3.16000e+00	9.04000e+02
-3.15000e+00	9.35000e+02
-3.14000e+00	9.10000e+02
-3.13000e+00	9.28000e+02
-3.12000e+00	9.20000e+02
-3.11000e+00	1.01500e+03
-3.10000e+00	8.09000e+02
-3.09000e+00	8.23000e+02
-3.08000e+00	8.31000e+02
-3.07000e+00	7.63000e+02
-3.06000e+00	7.70000e+02
-3.05000e+00	7.86000e+02
-3.04000e+00	8.02000e+02
-3.03000e+00	7.63000e+02
-3.02000e+00	7.37000e+02
-3.01000e+00	8.00000e+02
-3.00000e+00	7.18000e+02
-2.99000e+00	6.81000e+02
-2.98000e+00	6.99000e+02
-2.97000e+00	6.62000e+02
-2.96000e+00	6.70000e+02
-2.95000e+00	6.77000e+02
-2.94000e+00	6.34000e+02
-2.93000e+00	6.65000e+02
-2.92000e+00	6.71000e+02
-2.91000e+00	6.18000e+02
-2.90000e+00	6.39000e+02
-2.89000e+00	6.35000e+02
-2.88000e+00	6.15000e+02
-2.87000e+00	5.96000e+02
-2.86000e+00	6.19000e+02
-2.85000e+00	6.38000e+02
-2.84000e+00	5.63000e+02
-2.83000e+00	5.82000e+02
-2.82000e+00	6.50000e+02
-2.81000e+00	5.29000e+02
-2.80000e+00	5.41000e+02
-2.79000e+00	5.18000e+02
-2.78000e+00	5.31000e+02
-2.77000e+00	5.55000e+02
-2.76000e+00	5.00000e+02
-2.75000e+00	5.21000e+02
-2.74000e+00	4.92000e+02
-2.73000e+00	4.63000e+02
-2.72000e+00	5.34000e+02
-2.71000e+00	4.53000e+02
-2.70000e+00	4.56000e+02
-2.69000e+00	4.69000e+02
-2.68000e+00	4.77000e+02
-2.67000e+00	4.30000e+02
-2.66000e+00	4.35000e+02
-2.65000e+00	4.36000e+02
-2.64000e+00	4.37000e+02
-2.63000e+00	4.07000e+02
-2.62000e+00	4.43000e+02
-2.61000e+00	3.82000e+02
-2.60000e+00	3.92000e+02
-2.59000e+00	3.23000e+02
-2.58000e+00	3.50000e+02
-2.57000e+00	3.27000e+02
-2.56000e+00	3.15000e+02
-2.55000e+00	3.07000e+02
-2.54000e+00	2.90000e+02
-2.53000e+00	3.35000e+02
-2.52000e+00	3.22000e+02
-2.51000e+00	2.74000e+02
-2.50000e+00	2.63000e+02
-2.49000e+00	2.63000e+02
-2.48000e+00	2.76000e+02
-2.47000e+00	2.66000e+02
-2.46000e+00	2.36000e+02
-2.45000e+00	2.34000e+02
-2.44000e+00	2.43000e+02
-2.43000e+00	2.64000e+02
-2.42000e+00	2.37000e+02
-2.41000e+00	2.36000e+02
-2.40000e+00	2.38000e+02
-2.39000e+00	2.57000e+02
-2.38000e+00	2.09000e+02
-2.37000e+00	2.04000e+02
-2.36000e+00	2.16000e+02
-2.35000e+00	2.03000e+02
-2.34000e+00	1.71000e+02
-2.33000e+00	2.02000e+02
-2.32000e+00	1.94000e+02
-2.31000e+00	2.28000e+02
-2.30000e+00	1.98000e+02
-2.29000e+00	2.05000e+02
-2.28000e+00	1.72000e+02
-2.27000e+00	1.67000e+02
-2.26000e+00	2.04000e+02
-2.25000e+00	1.63000e+02
-2.24000e+00	1.79000e+02
-2.23000e+00	2.03000e+02
-2.22000e+00	1.82000e+02
-2.21000e+00	1.98000e+02
-2.20000e+00	1.77000e+02
-2.19000e+00	1.59000e+02
-2.18000e+00	1.92000e+02
-2.17000e+00	1.57000e+02
-2.16000e+00	1.35000e+02
-2.15000e+00	1.77000e+02
-2.14000e+00	1.41000e+02
-2.13000e+00	1.81000e+02
-2.12000e+00	1.45000e+02
-2.11000e+00	1.63000e+02
-2.10000e+00	1.44000e+02
-2.09000e+00	1.40000e+02
-2.08000e+00	1.18000e+02
-2.07000e+00	1.44000e+02
-2.06000e+00	1.40000e+02
-2.05000e+00	1.16000e+02
-2.04000e+00	1.29000e+02
-2.03000e+00	1.55000e+02
-2.02000e+00	1.42000e+02
-2.01000e+00	1.36000e+02
-2.00000e+00	1.55000e+02
-1.99000e+00	1.27000e+02
-1.98000e+00	1.46000e+02
-1.97000e+00	1.39000e+02
-1.96000e+00	1.26000e+02
-1.95000e+00	1.30000e+02
-1.94000e+00	1.74000e+02
-1.93000e+00	1.16000e+02
-1.92000e+00	1.38000e+02
-1.91000e+00	1.23000e+02
-1.90000e+00	1.15000e+02
-1.89000e+00	1.26000e+02
-1.88000e+00	1.24000e+02
-1.87000e+00	1.23000e+02
-1.86000e+00	1.28000e+02
-1.85000e+00	1.06000e+02
-1.84000e+00	1.31000e+02
-1.83000e+00	1.05000e+02
-1.82000e+00	1.23000e+02
-1.81000e+00	1.05000e+02
-1.80000e+00	9.40000e+01
-1.79000e+00	9.50000e+01
-1.78000e+00	1.00000e+02
-1.77000e+00	1.09000e+02
-1.76000e+00	8.80000e+01
-1.75000e+00	8.50000e+01
-1.74000e+00	8.50000e+01
-1.73000e+00	8.10000e+01
-1.72000e+00	9.40000e+01
-1.71000e+00	9.40000e+01
-1.70000e+00	8.60000e+01
-1.69000e+00	8.60000e+01
-1.68000e+00	9.80000e+01
-1.67000e+00	7.70000e+01
-1.66000e+00	8.10000e+01
-1.65000e+00	7.60000e+01
-1.64000e+00	8.10000e+01
-1.63000e+00	8.80000e+01
-1.62000e+00	1.01000e+02
-1.61000e+00	8.60000e+01
-1.60000e+00	7.40000e+01
-1.59000e+00	9.00000e+01
-1.58000e+00	8.20000e+01
-1.57000e+00	8.40000e+01
-1.56000e+00	7.20000e+01
-1.55000e+00	9.60000e+01
-1.54000e+00	8.80000e+01
-1.53000e+00	7.90000e+01
-1.52000e+00	6.60000e+01
-1.51000e+00	6.90000e+01
-1.50000e+00	7.50000e+01
-1.49000e+00	8.70000e+01
-1.48000e+00	7.80000e+01
-1.47000e+00	1.06000e+02
-1.46000e+00	7.30000e+01
-1.45000e+00	8.70000e+01
-1.44000e+00	8.60000e+01
-1.43000e+00	9.10000e+01
-1.42000e+00	8.70000e+01
-1.41000e+00	6.70000e+01
-1.40000e+00	7.70000e+01
-1.39000e+00	7.60000e+01
-1.38000e+00	9.00000e+01
-1.37000e+00	9.90000e+01
-1.36000e+00	8.50000e+01
-1.35000e+00	1.19000e+02
-1.34000e+00	1.25000e+02
-1.33000e+00	8.00000e+01
-1.32000e+00	1.04000e+02
-1.31000e+00	8.50000e+01
-1.30000e+00	1.09000e+02
-1.29000e+00	1.07000e+02
-1.28000e+00	1.44000e+02
-1.27000e+00	1.29000e+02
-1.26000e+00	1.31000e+02
-1.25000e+00	1.43000e+02
-1.24000e+00	1.42000e+02
-1.23000e+00	1.37000e+02
-1.22000e+00	1.37000e+02
-1.21000e+00	1.30000e+02
-1.20000e+00	1.37000e+02
-1.19000e+00	1.43000e+02
-1.18000e+00	1.60000e+02
-1.17000e+00	1.48000e+02
-1.16000e+00	1.61000e+02
-1.15000e+00	1.52000e+02
-1.14000e+00	1.68000e+02
-1.13000e+00	1.57000e+02
-1.12000e+00	1.83000e+02
-1.11000e+00	1.66000e+02
-1.10000e+00	1.66000e+02
-1.09000e+00	1.73000e+02
-1.08000e+00	1.99000e+02
-1.07000e+00	1.84000e+02
-1.06000e+00	2.07000e+02
-1.05000e+00	1.58000e+02
-1.04000e+00	1.92000e+02
-1.03000e+00	1.63000e+02
-1.02000e+00	2.10000e+02
-1.01000e+00	2.00000e+02
-1.00000e+00	2.21000e+02
-9.90000e-01	2.17000e+02
-9.80000e-01	2.23000e+02
-9.70000e-01	2.23000e+02
-9.60000e-01	2.56000e+02
-9.50000e-01	2.60000e+02
-9.40000e-01	2.63000e+02
-9.30000e-01	2.56000e+02
-9.20000e-01	2.40000e+02
-9.10000e-01	2.30000e+02
-9.00000e-01	2.69000e+02
-8.90000e-01	2.69000e+02
-8.80000e-01	2.56000e+02
-8.70000e-01	2.37000e+02
-8.60000e-01	2.76000e+02
-8.50000e-01	2.52000e+02
-8.40000e-01	2.35000e+02
-8.30000e-01	2.26000e+02
-8.20000e-01	2.08000e+02
-8.10000e-01	1.92000e+02
-8.00000e-01	2.30000e+02
-7.90000e-01	2.09000e+02
-7.80000e-01	2.27000e+02
-7.70000e-01	2.25000e+02
-7.60000e-01	2.23000e+02
-7.50000e-01	2.03000e+02
-7.40000e-01	1.99000e+02
-7.30000e-01	2.22000e+02
-7.20000e-01	2.50000e+02
-7.10000e-01	1.87000e+02
-7.00000e-01	2.18000e+02
-6.90000e-01	2.00000e+02
-6.80000e-01	1.86000e+02
-6.70000e-01	1.94000e+02
-6.60000e-01	1.70000e+02
-6.50000e-01	1.72000e+02
-6.40000e-01	1.45000e+02
-6.30000e-01	1.65000e+02
-6.20000e-01	1.42000e+02
-6.10000e-01	1.93000e+02
-6.00000e-01	1.55000e+02
-5.90000e-01	1.52000e+02
-5.80000e-01	1.56000e+02
-5.70000e-01	1.61000e+02
-5.60000e-01	1.32000e+02
-5.50000e-01	1.33000e+02
-5.40000e-01	1.02000e+02
-5.30000e-01	1.08000e+02
-5.20000e-01	1.12000e+02
-5.10000e-01	9.50000e+01
-5.00000e-01	9.30000e+01
-4.90000e-01	9.20000e+01
-4.80000e-01	7.80000e+01
-4.70000e-01	8.90000e+01
-4.60000e-01	7.20000e+01
-4.50000e-01	8.00000e+01
-4.40000e-01	1.11000e+02
-4.30000e-01	1.11000e+02
-4.20000e-01	1.12000e+02
-4.10000e-01	9.60000e+01
-4.00000e-01	1.23000e+02
-3.90000e-01	1.13000e+02
-3.80000e-01	1.15000e+02
-3.70000e-01	1.46000e+02
-3.60000e-01	1.53000e+02
-3.50000e-01	1.64000e+02
-3.40000e-01	1.61000e+02
-3.30000e-01	1.98000e+02
-3.20000e-01	1.97000e+02
-3.10000e-01	2.06000e+02
-3.00000e-01	2.20000e+02
-2.90000e-01	2.60000e+02
-2.80000e-01	2.47000e+02
-2.70000e-01	3.19000e+02
-2.60000e-01	3.07000e+02
-2.50000e-01	3.45000e+02
-2.40000e-01	3.97000e+02
-2.30000e-01	4.45000e+02
-2.20000e-01	4.70000e+02
-2.10000e-01	5.59000e+02
-2.00000e-01	6.15000e+02
-1.90000e-01	7.06000e+02
-1.80000e-01	8.81000e+02
-1.70000e-01	8.59000e+02
-1.60000e-01	9.95000e+02
-1.50000e-01	1.24400e+03
-1.40000e-01	1.40500e+03
-1.30000e-01	1.65200e+03
-1.20000e-01	1.89000e+03
-1.10000e-01	2.04800e+03
-1.00000e-01	2.28600e+03
-9.00000e-02	2.44800e+03
-8.00000e-02	3.22100e+03
-7.00000e-02	3.27800e+03
-6.00000e-02	3.79600e+03
-5.00000e-02	4.29500e+03
-4.00000e-02	5.15100e+03
-3.00000e-02	5.87600e+03
-2.00000e-02	6.76600e+03
-1.00000e-02	7.95400e+03
0.00000e+00	8.88000e+03
1.00000e-02	9.43200e+03
2.00000e-02	8.64100e+03
3.00000e-02	5.79700e+03
4.00000e-02	4.49400e+03
5.00000e-02	3.95000e+03
6.00000e-02	3.09800e+03
7.00000e-02	2.56200e+03
8.00000e-02	2.37300e+03
9.00000e-02	2.02500e+03
1.00000e-01	1.80900e+03
1.10000e-01	1.62400e+03
1.20000e-01	1.51500e+03
1.30000e-01	1.24900e+03
1.40000e-01	1.21600e+03
1.50000e-01	1.10500e+03
1.60000e-01	9.63000e+02
1.70000e-01	9.06000e+02
1.80000e-01	9.01000e+02
1.90000e-01	7.92000e+02
2.00000e-01	8.24000e+02
2.10000e-01	8.86000e+02
2.20000e-01	9.11000e+02
2.30000e-01	8.96000e+02
2.40000e-01	8.76000e+02
2.50000e-01	1.00800e+03
2.60000e-01	1.11500e+03
2.70000e-01	1.23600e+03
2.80000e-01	1.34700e+03
2.90000e-01	1.52400e+03
3.00000e-01	1.72100e+03
3.10000e-01	2.00400e+03
3.20000e-01	2.16000e+03
3.30000e-01	2.26500e+03
3.40000e-01	2.44200e+03
3.50000e-01	2.71000e+03
3.60000e-01	2.88700e+03
3.70000e-01	3.27100e+03
3.80000e-01	3.37100e+03
3.90000e-01	3.55700e+03
4.00000e-01	3.83900e+03
4.10000e-01	3.96000e+03
4.20000e-01	3.53000e+03
4.30000e-01	3.01500e+03
4.40000e-01	2.64800e+03
4.50000e-01	2.29400e+03
4.60000e-01	2.10500e+03
4.70000e-01	1.98300e+03
4.80000e-01	1.80900e+03
4.90000e-01	1.81700e+03
5.00000e-01	1.71300e+03
5.10000e-01	1.90000e+03
5.20000e-01	1.85500e+03
5.30000e-01	1.93900e+03
5.40000e-01	2.08000e+03
5.50000e-01	2.22700e+03
5.60000e-01	2.57200e+03
5.70000e-01	2.82800e+03
5.80000e-01	3.28500e+03
5.90000e-01	3.73200e+03
6.00000e-01	3.87700e+03
6.10000e-01	4.97700e+03
6.20000e-01	4.62600e+03
6.30000e-01	4.86700e+03
6.40000e-01	5.15600e+03
6.50000e-01	5.29200e+03
6.60000e-01	5.07700e+03
6.70000e-01	4.58900e+03
6.80000e-01	4.34600e+03
6.90000e-01	3.93200e+03
7.00000e-01	4.18800e+03
7.10000e-01	3.68200e+03
7.20000e-01	3.68300e+03
7.30000e-01	3.70500e+03
7.40000e-01	3.70100e+03
7.50000e-01	3.65700e+03
7.60000e-01	3.92200e+03
7.70000e-01	3.96300e+03
7.80000e-01	4.07000e+03
7.90000e-01	4.41700e+03
8.00000e-01	4.99100e+03
8.10000e-01	4.56700e+03
8.20000e-01	4.63300e+03
8.30000e-01	4.61800e+03
8.40000e-01	4.66500e+03
8.50000e-01	4.77800e+03
8.60000e-01	4.78400e+03
8.70000e-01	4.82800e+03
8.80000e-01	4.90000e+03
8.90000e-01	5.04600e+03
9.00000e-01	5.72000e+03
9.10000e-01	5.24800e+03
9.20000e-01	5.21500e+03
9.30000e-01	5.50900e+03
9.40000e-01	5.27800e+03
9.50000e-01	5.35900e+03
9.60000e-01	5.07400e+03
9.70000e-01	5.00400e+03
9.80000e-01	4.60500e+03
9.90000e-01	4.38400e+03
