0	0	0	0	0	0	0	0	0	0	0	0	0	0	0	0	0	0	0	0	0	0	0	0	0	0	0	0	0	0	0	0	0	0	0	0	0	0	0	0	0	0	3	0	0	0	1	0	2	2	5	3	4	8	7	6	13	8	6	4	11	6	7	13	11	16	13	10	13	12	12	20	9	10	21	10	19	19	16	21	22	21	21	16	27	16	13	25	21	11	21	23	26	22	27	27	22	17	23	15	18	13	8	5	9	15	22	13	15	8	6	16	6	14	6	1	7	6	6	5	1	0	2	4	2	1	0	1	0	0	0	0	1	1	0	0	1	0	0	0	0	0	0	0	0	0	0	0	0	0
0	0	0	0	0	0	0	0	0	0	0	0	0	0	0	0	0	0	0	0	0	0	1	0	0	0	0	0	0	0	0	0	0	0	0	0	0	1	0	1	3	2	2	0	0	1	4	1	3	3	3	0	5	4	10	5	10	10	8	5	11	13	10	13	12	12	10	7	11	12	10	8	14	10	7	18	12	22	25	17	12	26	20	34	16	29	26	19	17	20	29	23	20	28	27	25	21	22	22	20	10	10	7	11	9	11	12	14	16	9	8	6	11	10	8	5	6	5	4	0	0	2	1	3	2	2	0	0	0	0	0	0	2	1	0	2	0	0	0	0	0	0	0	0	0	0	0	0	0	0
0	0	0	0	0	0	0	0	0	0	0	1	0	0	0	0	0	0	0	0	0	0	0	0	0	0	0	0	0	0	1	0	0	0	0	0	1	0	2	0	1	0	1	1	0	0	0	1	1	2	4	6	2	5	7	4	7	6	8	10	8	10	16	13	6	6	7	8	9	6	11	16	6	15	15	10	15	2	6	18	13	11	25	18	13	16	17	21	15	14	34	16	25	20	17	17	18	22	16	9	4	13	12	4	7	8	14	17	7	10	7	3	5	11	9	2	3	2	3	3	1	4	1	3	2	1	1	0	2	0	0	0	0	0	0	0	0	0	0	0	0	0	0	0	0	0	0	0	0	0
0	0	0	0	0	0	0	0	0	0	0	0	0	0	0	0	0	0	0	0	0	0	0	0	0	0	0	0	1	0	0	1	0	0	1	0	3	1	0	0	0	0	1	1	1	2	3	2	2	1	4	4	3	5	10	14	6	15	15	7	12	11	10	11	7	8	13	5	12	14	14	20	19	16	14	9	17	19	16	20	16	23	21	17	19	17	19	25	30	18	26	23	27	20	10	21	28	29	14	12	13	18	12	9	12	15	17	10	17	10	6	8	3	12	10	4	4	8	3	2	1	0	1	1	2	1	0	1	0	0	0	0	0	0	0	2	1	1	1	0	0	0	0	0	0	0	0	0	0	0
0	0	0	0	0	0	0	0	0	0	0	0	0	0	0	0	0	0	0	0	0	1	0	0	0	0	0	0	0	0	0	0	1	0	0	0	0	0	0	1	0	0	0	0	0	1	0	0	5	3	2	6	4	4	7	8	5	8	10	12	1	10	11	11	4	10	9	13	10	10	12	12	9	12	13	12	14	14	22	20	13	11	12	15	11	11	12	19	19	26	16	16	25	27	26	10	21	19	10	14	11	9	12	11	14	14	10	3	6	10	8	1	6	8	8	7	2	3	3	0	5	2	0	0	1	0	0	0	0	0	0	0	0	0	0	0	0	1	2	1	0	0	0	0	0	0	0	0	0	0
0	0	0	0	0	0	0	0	0	0	0	0	0	0	0	0	0	0	0	0	0	0	0	0	0	0	1	0	0	0	0	0	1	0	0	0	0	0	0	0	1	0	1	1	1	2	0	4	2	4	2	3	7	3	5	2	8	6	5	5	9	6	11	10	12	8	4	5	8	6	8	16	19	16	19	16	14	22	13	14	15	14	13	18	16	17	19	16	9	22	28	20	18	17	18	17	20	14	13	14	17	13	11	8	7	10	14	15	11	7	6	3	3	9	2	4	8	3	2	2	2	4	0	0	0	0	0	0	0	0	0	0	0	0	1	1	0	0	1	1	0	0	0	0	0	0	0	0	0	0
0	0	0	0	0	0	0	0	0	0	1	0	0	0	0	0	0	0	0	0	0	0	1	0	0	0	0	0	1	0	0	0	0	0	0	0	0	0	1	0	0	0	2	1	3	2	1	2	6	2	0	5	6	10	11	5	2	6	6	13	12	17	12	9	7	11	13	7	9	5	14	21	17	20	17	13	17	13	23	23	21	22	21	25	14	19	25	19	22	22	18	30	18	29	18	24	23	35	21	13	17	14	8	11	13	14	9	14	9	13	9	5	12	7	7	7	5	6	4	3	5	0	0	1	0	0	0	0	0	0	0	1	0	2	1	1	0	0	0	0	0	0	0	0	0	0	0	0	0	0
0	0	0	0	0	0	0	0	0	0	0	0	0	0	0	0	0	0	0	0	0	0	0	0	0	0	0	0	0	0	0	0	1	0	0	0	0	0	0	0	0	0	1	0	2	0	1	1	3	4	4	5	5	4	5	7	11	6	8	6	7	7	5	8	12	6	12	8	12	12	4	10	15	10	6	12	15	14	14	25	18	18	22	8	14	20	17	19	16	27	16	25	19	19	17	9	26	17	22	11	10	8	10	10	10	15	10	11	6	5	3	7	3	6	7	2	3	7	6	7	3	0	0	0	2	0	0	0	2	1	0	1	0	0	0	0	0	0	0	0	0	0	0	0	0	0	0	0	0	0
0	0	0	0	0	0	0	0	0	0	0	0	1	0	0	0	0	0	0	0	0	0	0	0	0	0	0	0	1	1	0	0	1	0	1	0	0	1	0	0	0	1	0	0	3	0	2	2	0	3	4	5	7	10	6	10	6	10	12	11	9	7	13	11	16	7	9	15	16	15	11	13	10	19	17	17	12	11	13	23	13	30	19	23	20	29	16	24	19	23	24	31	19	21	24	27	18	16	17	19	13	14	16	15	15	22	15	9	9	6	11	6	7	12	5	6	7	1	4	8	2	1	1	0	0	0	0	1	3	1	0	0	0	0	0	0	0	0	0	0	0	0	0	0	0	0	0	0	0	0
0	0	0	0	0	0	0	0	0	0	0	0	0	0	0	0	1	1	1	1	0	0	0	0	0	0	0	0	0	1	1	0	0	0	2	0	0	2	0	1	0	2	1	3	0	1	1	0	1	2	4	4	5	8	15	5	4	5	6	3	8	7	7	4	11	10	11	10	6	8	7	9	8	11	13	16	26	11	18	11	16	22	15	16	15	10	16	13	19	17	23	23	17	24	12	23	17	23	15	12	10	12	10	8	19	10	9	10	10	11	3	3	5	10	3	2	2	2	3	7	3	2	0	1	1	0	0	0	2	1	1	0	0	0	0	0	0	0	0	0	0	0	0	0	0	0	0	0	0	0
0	0	0	0	0	0	0	0	0	0	0	0	0	3	1	1	0	1	0	0	0	1	0	0	1	1	0	1	0	0	0	1	0	0	0	0	0	0	0	0	1	0	0	0	3	1	1	2	2	5	2	4	5	7	8	6	9	4	8	9	13	13	12	13	10	12	4	11	14	6	12	8	12	13	18	24	19	18	25	21	21	23	20	20	18	26	18	30	26	25	27	36	19	23	23	19	16	26	14	16	11	7	10	12	21	15	10	7	11	12	9	9	16	5	2	6	7	1	6	4	3	1	0	0	1	0	3	1	2	0	0	0	0	0	0	0	0	0	0	0	0	0	0	0	0	0	0	0	0	0
0	0	0	0	0	0	0	0	0	0	0	0	0	2	2	1	0	0	0	0	0	0	0	1	0	0	0	0	0	0	0	0	0	0	0	1	0	0	0	0	0	2	0	2	2	1	1	3	6	3	4	4	7	4	5	6	7	2	7	8	3	7	7	10	14	16	3	6	8	3	2	8	19	12	6	12	15	20	12	19	20	18	17	21	17	21	27	20	22	23	22	18	19	13	22	24	17	12	11	9	7	12	9	9	6	13	9	10	7	4	7	10	7	3	9	5	2	2	2	5	2	0	2	0	0	0	2	2	1	0	0	0	0	0	0	0	0	0	0	0	0	0	0	0	0	0	0	0	0	0
0	0	0	0	0	0	0	0	0	0	0	0	0	2	3	1	0	0	0	0	1	0	1	0	0	0	0	0	1	0	0	0	0	0	0	0	0	1	0	1	0	0	1	0	0	1	2	1	3	3	8	2	4	9	9	6	7	8	6	8	10	10	11	10	17	14	20	14	10	7	9	8	10	12	13	18	22	18	23	15	15	18	32	22	26	33	24	25	26	18	34	14	16	15	28	27	29	23	14	14	12	17	8	17	11	19	13	12	9	4	8	7	5	7	8	9	3	4	2	3	0	2	0	0	1	1	3	2	1	0	0	0	0	0	0	0	0	0	0	0	0	0	0	0	0	0	0	0	0	0
0	0	0	0	0	0	1	0	0	0	0	0	0	0	0	1	4	0	0	1	0	0	0	1	0	0	0	0	0	0	0	0	0	0	0	0	0	0	0	0	0	0	1	0	1	1	0	0	4	2	5	6	5	2	6	9	3	5	7	9	10	11	16	9	12	16	14	5	11	10	7	5	7	6	11	14	13	14	12	17	13	26	11	17	18	17	22	17	19	23	16	20	19	19	18	26	25	11	15	7	10	9	7	12	12	9	16	11	9	4	7	4	13	6	5	2	5	1	2	1	2	0	1	0	1	0	2	0	0	0	0	0	0	0	0	0	0	0	0	0	0	0	0	0	0	0	0	0	0	0
0	0	0	0	0	0	0	0	0	0	0	0	0	0	0	0	0	1	1	2	0	0	0	0	0	0	0	0	0	0	0	0	0	0	0	0	0	1	0	0	0	1	0	2	0	1	1	2	3	3	4	4	4	3	5	4	6	8	5	8	3	5	10	9	10	19	12	9	11	5	7	12	11	11	12	18	17	12	15	21	10	18	15	19	21	32	20	18	26	18	23	16	11	16	27	17	11	18	14	10	11	8	11	15	13	12	10	7	9	6	5	6	3	4	2	8	6	1	2	0	2	1	1	2	0	0	1	0	0	0	0	0	0	0	0	0	0	0	0	0	0	0	0	0	0	0	0	0	0	0
0	0	0	0	0	0	0	0	0	0	0	0	0	0	0	0	0	1	0	2	1	0	1	0	1	0	0	0	0	0	0	0	0	1	0	0	0	0	0	0	0	1	2	4	2	1	2	3	3	5	5	9	5	5	7	8	4	5	7	8	11	6	10	11	8	18	12	9	13	14	12	14	10	19	19	21	21	13	27	18	26	15	20	27	21	32	27	22	23	21	18	21	18	24	24	33	16	18	16	15	19	10	16	21	17	8	20	11	4	5	8	6	6	6	9	4	7	1	1	1	2	2	3	0	1	0	0	0	0	0	0	0	0	0	0	0	0	0	0	0	0	0	0	0	0	0	0	0	0	0
0	0	0	0	0	0	0	0	0	0	0	0	0	0	0	0	0	0	0	0	0	0	0	1	0	1	1	1	0	0	0	0	1	0	0	0	0	0	0	0	3	0	2	0	1	0	3	1	4	3	2	6	4	2	5	6	9	5	10	4	7	4	3	13	8	17	13	10	5	5	14	14	9	20	16	11	11	13	16	16	22	15	9	15	23	24	18	26	21	29	18	19	19	23	18	25	7	9	14	17	12	8	8	9	12	8	12	9	7	2	9	2	6	5	7	5	1	2	1	0	1	2	1	3	0	0	0	0	0	0	0	0	0	0	0	0	0	0	0	0	0	0	0	0	0	0	0	0	0	0
0	0	0	0	0	0	0	0	0	0	0	0	0	0	0	0	0	0	0	0	0	0	0	1	0	1	0	3	0	0	0	0	0	0	0	0	0	0	0	1	0	1	1	0	2	1	7	2	4	4	4	4	7	2	10	5	7	12	14	8	11	6	6	6	16	12	16	17	15	11	16	13	19	21	18	16	23	18	16	15	9	21	18	34	21	34	29	30	25	31	32	22	19	21	16	23	20	21	12	13	10	6	14	16	21	5	7	12	6	3	10	8	10	5	7	4	3	5	1	1	2	2	1	1	0	0	0	0	0	0	0	0	0	0	0	0	0	0	0	0	0	0	0	0	0	0	0	0	0	0
0	0	0	0	0	0	0	0	0	0	0	0	0	0	0	0	0	0	0	0	0	0	0	2	1	1	0	0	0	0	0	1	0	0	0	0	0	0	0	0	0	0	0	1	2	3	0	2	10	2	4	3	7	3	5	10	4	5	4	5	8	10	6	6	6	5	17	19	13	5	11	20	8	11	10	15	13	25	14	14	12	24	16	24	20	24	34	15	24	24	13	12	22	20	12	22	8	18	12	7	6	4	13	11	16	5	6	2	3	7	10	7	5	3	10	9	2	2	0	3	2	0	0	1	1	0	0	0	0	0	0	0	0	0	0	0	0	0	0	0	0	0	0	0	0	0	0	0	0	0
0	0	0	0	0	0	0	0	0	0	0	1	0	0	0	0	0	0	0	0	0	0	0	1	4	0	0	0	0	0	0	0	0	0	1	0	0	2	1	0	1	0	0	1	2	1	3	5	5	4	6	6	8	9	6	3	9	6	8	11	13	8	8	9	14	22	17	20	16	14	12	11	18	10	24	13	14	29	18	16	17	31	16	26	27	31	25	20	25	22	16	23	23	25	26	18	10	10	8	18	16	15	17	15	15	12	5	7	9	9	7	5	11	11	7	5	3	2	2	2	2	1	0	0	0	0	0	0	0	0	0	0	0	0	0	0	0	0	0	0	0	0	0	0	0	0	0	0	0	0
0	0	0	0	0	0	0	0	0	0	0	1	0	0	0	0	0	0	0	0	0	0	0	4	0	0	0	0	0	0	1	0	0	0	1	0	0	0	1	0	0	0	1	1	2	6	2	2	0	3	4	4	5	3	6	4	6	8	6	11	10	14	13	6	4	22	9	11	12	9	7	12	7	7	9	19	18	21	18	13	13	21	16	24	25	21	22	19	19	23	15	17	10	26	17	11	11	4	14	17	14	15	17	8	10	8	6	3	3	7	7	1	6	5	5	7	2	1	1	1	2	2	0	2	1	0	1	0	0	0	0	0	0	0	0	0	0	0	0	0	0	0	0	0	0	0	0	0	0	0
0	0	0	0	0	0	0	0	0	0	0	0	0	0	0	0	0	0	0	0	0	1	0	5	0	1	0	0	1	0	2	0	0	0	1	0	0	1	0	0	0	1	1	0	1	2	1	4	2	4	12	9	0	7	8	5	5	2	11	8	6	16	12	10	20	18	22	17	14	10	10	19	13	9	15	25	20	28	13	17	20	23	23	26	20	23	19	27	28	26	29	17	19	31	20	14	14	10	12	13	18	27	24	7	14	8	5	2	7	16	5	5	8	7	8	5	1	4	2	2	3	2	0	0	0	0	0	0	0	0	0	0	0	0	0	0	0	0	0	0	0	0	0	0	0	0	0	0	0	0
0	0	0	0	0	0	0	0	0	0	0	0	0	0	0	0	0	1	0	0	0	0	0	0	4	0	0	0	0	0	0	0	0	0	0	0	0	1	1	0	0	0	1	1	0	5	5	2	0	4	3	2	3	6	5	2	9	5	8	9	8	14	6	3	16	14	15	11	11	9	16	16	9	18	6	18	16	12	23	17	17	13	25	14	14	26	18	13	27	22	25	16	17	12	7	15	9	17	17	7	17	13	11	9	13	13	6	6	4	11	7	8	0	1	3	0	2	0	0	3	1	3	1	2	3	0	1	0	0	0	0	0	0	0	0	0	0	0	0	0	0	0	0	0	0	0	0	0	0	0
0	0	0	0	0	0	0	0	0	0	0	0	0	0	0	0	0	0	0	0	0	2	4	0	1	0	0	0	0	0	0	0	1	3	0	0	1	0	0	0	0	0	0	3	3	2	2	3	1	4	4	2	7	3	7	4	4	9	6	5	6	14	14	11	8	9	13	15	14	13	15	12	9	17	14	12	18	16	17	22	5	24	19	12	19	18	21	17	28	30	15	22	12	15	13	16	2	4	9	11	12	21	19	7	10	13	8	7	6	2	4	4	3	9	1	1	3	4	2	3	1	0	0	0	1	0	1	0	0	0	0	0	0	0	0	0	0	0	0	0	0	0	0	0	0	0	0	0	0	0
0	0	0	0	0	0	0	0	0	0	0	0	0	0	0	0	0	0	0	0	0	1	2	4	1	0	1	0	1	0	0	0	2	0	0	0	0	1	0	0	0	3	2	2	4	5	1	5	5	2	5	6	10	3	3	1	7	13	6	9	11	20	11	20	14	17	12	16	12	17	13	15	17	19	17	24	20	21	17	18	25	25	24	26	23	18	25	21	26	30	24	22	15	15	14	16	14	12	12	20	18	10	16	13	17	14	13	13	6	2	5	4	1	6	5	0	2	5	2	4	1	0	1	0	1	0	0	1	0	0	0	0	0	0	0	0	0	0	0	0	0	0	0	0	0	0	0	0	0	0
0	0	0	0	0	0	0	0	0	0	0	0	0	0	0	0	0	0	0	1	1	2	2	1	1	0	0	0	0	0	0	0	0	0	0	0	0	0	0	0	2	1	1	2	3	3	2	5	6	2	8	7	4	0	6	6	6	8	2	6	13	16	15	10	9	14	13	9	9	20	15	17	7	9	16	18	14	16	17	16	21	13	12	13	14	21	23	21	20	28	17	16	16	16	11	7	9	11	14	15	13	6	13	14	14	12	8	6	6	3	3	2	0	2	4	2	0	5	3	5	0	0	1	1	1	0	0	0	0	0	0	0	0	0	0	0	0	0	0	0	0	0	0	0	0	0	0	0	0	0
0	0	0	0	0	1	0	0	0	0	0	0	0	0	0	0	0	0	1	0	0	1	2	4	3	0	0	0	0	0	0	0	0	0	0	0	0	0	0	1	4	2	1	6	2	4	5	4	7	7	11	4	11	8	4	10	4	4	7	11	11	10	21	20	17	21	16	15	16	19	14	16	15	14	16	12	21	19	23	18	20	17	21	24	22	14	28	21	19	25	25	24	21	16	14	15	16	19	18	13	12	13	16	19	16	9	13	9	5	2	3	2	6	3	2	1	0	9	0	4	1	0	0	0	1	1	1	0	1	0	0	0	0	0	0	0	0	0	0	0	0	0	0	0	0	0	0	0	0	0
0	0	0	0	0	0	0	0	0	0	0	0	0	0	0	0	0	0	0	0	0	0	1	3	2	0	1	0	1	0	0	0	0	0	0	0	0	0	1	0	2	3	5	2	1	4	1	3	5	7	10	6	1	4	4	7	5	2	7	8	13	11	16	13	17	8	14	12	15	15	7	7	15	12	11	13	23	19	15	19	20	17	15	17	24	18	14	11	18	24	19	16	15	10	17	17	11	14	11	6	7	16	11	16	10	8	14	8	3	1	1	2	0	1	3	3	2	0	1	4	2	0	0	0	2	0	0	2	0	0	0	0	0	0	0	0	0	0	0	0	0	0	0	0	0	0	0	0	0	0
0	0	0	0	0	0	0	0	0	0	0	0	0	0	0	0	0	0	0	0	0	0	0	0	3	1	1	1	0	0	0	0	1	0	0	4	1	0	1	4	2	1	3	2	5	6	5	8	3	5	3	8	8	8	9	5	12	12	8	9	9	14	27	10	21	7	22	18	17	13	14	13	10	17	15	15	21	21	20	22	17	28	19	26	21	17	14	28	21	31	16	27	13	19	18	18	11	19	13	19	16	13	19	9	17	14	14	8	3	4	1	0	2	2	0	4	2	8	6	0	1	0	0	0	1	1	0	0	0	0	0	0	0	0	0	0	0	0	0	0	0	0	0	0	0	0	0	0	0	0
0	0	0	0	0	0	0	0	0	0	0	0	0	0	0	0	0	0	0	0	0	0	1	0	0	1	0	1	2	2	0	1	0	0	1	1	1	0	1	2	2	9	0	2	0	2	3	3	6	4	9	5	7	3	8	9	8	5	2	5	6	15	12	12	21	14	8	21	9	13	12	11	10	16	12	18	12	19	17	23	16	22	15	15	18	15	10	18	16	9	14	22	20	20	14	7	16	9	17	13	21	12	7	10	9	11	7	2	3	2	5	0	2	1	2	6	4	1	3	0	1	1	0	0	1	0	0	0	0	0	0	0	0	0	0	0	0	0	0	0	0	0	0	0	0	0	0	0	0	0
0	0	0	0	0	0	0	0	0	0	0	0	0	0	0	0	0	0	0	0	0	0	3	1	0	2	0	0	1	0	1	0	0	0	2	1	1	1	2	4	4	4	2	3	5	5	5	3	8	9	3	8	5	6	8	12	6	3	3	12	8	15	18	31	12	19	18	21	12	13	15	18	18	14	14	14	23	27	22	18	22	18	26	16	23	19	16	14	21	17	19	25	19	23	16	15	9	11	15	22	20	25	17	15	9	14	6	7	5	5	3	2	4	5	6	2	2	0	1	2	0	1	0	0	0	0	1	0	0	0	0	0	0	0	0	0	0	0	0	0	0	0	0	0	0	0	0	0	0	0
0	0	0	0	0	0	0	0	0	0	1	0	0	1	0	0	0	0	0	0	0	1	0	0	1	3	0	1	2	0	0	1	1	0	1	1	1	1	0	4	5	2	4	1	2	1	1	4	5	7	4	8	9	5	3	4	3	6	7	7	13	13	19	25	13	13	8	10	7	8	15	13	17	22	7	18	13	14	17	19	14	14	17	19	12	16	11	24	12	14	17	13	20	19	6	13	15	10	23	19	10	12	9	14	9	13	4	5	0	2	2	2	4	3	2	1	2	4	1	1	0	1	1	0	0	0	1	0	0	0	0	0	0	0	0	0	0	0	0	0	0	0	0	0	0	0	0	0	0	0
0	0	0	0	0	0	0	0	0	0	0	0	0	0	0	0	0	0	0	0	0	0	0	0	1	2	0	1	0	0	0	0	1	1	1	1	0	1	0	0	3	6	1	4	1	0	2	8	4	7	3	5	4	5	6	7	8	6	10	6	7	13	10	20	12	18	12	24	12	17	11	17	16	15	16	23	15	21	14	12	17	13	9	15	13	13	17	19	11	15	19	18	12	14	16	10	14	17	16	6	9	11	18	10	8	9	10	9	1	1	3	2	3	1	1	3	2	3	0	0	2	0	0	0	1	1	1	0	0	0	0	0	0	0	0	0	0	0	0	0	0	0	0	0	0	0	0	0	0	0
0	0	0	0	0	0	0	0	0	0	0	0	0	0	0	0	0	0	0	0	0	0	0	0	0	0	0	1	2	3	1	0	1	0	2	0	3	0	0	5	3	2	1	0	4	1	5	10	8	4	3	6	2	10	6	11	4	9	16	15	14	19	16	19	24	22	17	19	16	12	15	23	13	15	15	26	21	25	27	14	22	16	14	17	20	19	18	12	24	18	19	23	19	16	13	19	15	19	22	11	15	11	18	8	16	15	7	4	7	1	2	3	6	3	4	2	4	5	4	1	1	0	0	0	2	0	0	0	0	0	0	0	0	0	0	0	0	0	0	0	0	0	0	0	0	0	0	0	0	0
0	0	0	0	0	0	0	0	0	0	0	0	0	0	0	0	0	0	0	0	0	0	0	0	0	0	0	1	1	3	1	0	2	1	1	1	1	0	2	3	0	2	1	5	3	5	5	3	5	5	6	4	7	3	6	7	5	6	8	10	12	19	15	15	13	14	17	8	20	17	14	17	10	18	19	15	16	15	17	11	13	10	17	19	15	15	14	16	11	12	18	13	18	17	11	12	9	18	8	17	12	14	9	7	8	12	3	6	4	2	2	2	3	6	4	2	6	1	1	1	0	0	0	0	0	0	0	0	0	0	0	0	0	0	0	0	0	0	0	0	0	0	0	0	0	0	0	0	0	0
0	0	0	0	0	0	0	0	0	0	0	0	0	0	0	0	0	0	0	0	0	0	0	0	0	0	0	0	0	2	4	0	0	1	1	2	2	4	3	4	3	5	0	2	3	4	9	4	8	8	4	8	7	5	9	7	5	7	13	17	13	23	16	16	23	25	19	17	17	18	23	20	17	13	20	19	17	26	17	23	17	18	21	27	16	16	22	9	23	18	8	17	12	17	19	17	18	20	27	17	20	10	10	7	7	11	7	5	1	4	0	1	4	4	3	4	4	6	1	1	3	0	0	0	0	0	0	0	0	0	0	0	0	0	0	0	0	0	0	0	0	0	0	0	0	0	0	0	0	0
0	0	0	0	0	0	0	0	0	0	0	0	0	0	0	0	0	0	0	0	0	0	0	0	0	0	0	0	0	0	3	0	2	2	3	0	1	1	0	1	5	2	1	1	4	7	5	4	5	5	9	6	9	5	7	10	6	6	12	8	15	14	12	10	17	12	12	14	18	5	17	12	19	17	17	22	19	11	16	20	10	14	9	13	6	17	13	13	11	19	15	13	23	17	14	20	19	19	10	11	10	9	5	6	9	8	1	4	8	2	2	2	0	1	2	4	3	2	1	2	2	0	1	4	0	0	0	0	0	0	0	0	0	0	0	0	0	0	0	0	0	0	0	0	0	0	0	0	0	0
0	0	0	0	0	0	0	0	0	0	0	0	0	0	0	0	0	0	0	0	0	0	0	0	0	0	0	0	0	0	1	2	0	1	3	1	1	4	2	2	3	4	5	5	5	5	4	5	9	11	7	6	6	6	7	11	17	11	16	13	16	12	14	16	15	16	15	23	18	28	21	20	25	15	24	24	20	14	16	10	16	19	18	17	14	16	15	19	14	17	24	18	19	17	21	18	28	24	15	11	11	9	6	11	13	5	9	5	2	4	2	3	5	5	3	4	4	1	1	2	0	0	0	0	0	0	0	0	0	0	0	0	0	0	0	0	0	0	0	0	0	0	0	0	0	0	0	0	0	0
0	0	0	0	0	0	0	0	0	0	0	0	0	0	0	0	0	0	0	0	0	0	0	0	0	2	0	2	0	1	3	0	0	2	2	0	3	2	0	4	1	3	6	1	3	5	4	7	6	5	9	6	7	7	8	2	5	9	12	8	13	17	13	16	16	13	18	11	18	13	15	15	18	15	16	17	10	16	13	13	18	10	10	15	11	14	13	17	9	18	14	10	13	11	15	23	17	19	14	11	7	5	10	8	6	6	2	8	5	3	1	1	6	6	3	3	2	2	2	2	0	1	1	0	0	0	0	0	0	0	0	0	0	0	0	0	0	0	0	0	0	0	0	0	0	0	0	0	0	0
0	0	0	0	0	0	0	0	0	0	0	0	0	0	0	0	0	0	0	0	0	0	0	0	1	3	1	0	0	0	0	0	1	1	1	1	1	0	4	1	8	9	9	3	4	5	4	6	6	8	4	10	7	9	15	7	10	14	13	15	14	9	16	18	17	18	22	33	19	22	16	23	20	21	27	20	23	16	9	10	17	16	11	12	17	9	20	14	13	18	22	20	14	22	22	17	16	22	20	14	13	9	9	9	10	11	7	2	1	3	4	4	4	7	1	5	5	4	2	0	0	0	0	0	0	0	0	0	0	0	0	0	0	0	0	0	0	0	0	0	0	0	0	0	0	0	0	0	0	0
0	0	0	0	0	0	0	0	0	0	0	0	0	0	0	0	0	0	0	0	0	0	1	1	1	1	0	1	1	1	1	0	0	1	1	1	1	1	3	2	2	4	6	4	4	7	7	6	5	6	6	7	5	2	8	7	7	8	12	12	8	10	13	16	13	20	20	22	24	9	19	13	19	11	20	9	22	12	15	13	7	7	12	6	11	20	12	15	12	11	7	19	16	18	20	10	14	17	22	11	11	9	6	8	12	3	4	0	1	0	2	2	6	7	6	1	2	1	3	1	0	0	0	0	0	0	0	0	0	0	0	0	0	0	0	0	0	0	0	0	0	0	0	0	0	0	0	0	0	0
0	0	0	0	0	0	0	0	0	0	0	0	0	0	0	0	0	0	0	0	0	0	1	2	2	0	0	0	2	1	3	0	3	0	3	4	3	5	3	3	3	4	4	4	3	4	6	5	2	9	10	4	9	5	12	6	8	13	14	13	15	16	18	16	23	26	16	23	25	21	17	24	29	19	22	25	19	10	16	8	14	10	8	12	18	11	15	19	20	24	26	24	19	22	14	16	24	17	15	11	9	12	9	13	9	6	4	8	1	1	4	2	5	4	2	4	5	3	2	1	0	0	0	0	0	0	0	0	0	0	0	0	0	0	0	0	0	0	0	0	0	0	0	0	0	0	0	0	0	0
0	0	0	0	0	0	0	0	0	0	0	0	0	0	0	0	1	0	0	0	0	0	0	4	0	0	0	0	0	2	2	2	2	0	0	2	6	3	1	1	1	2	3	1	5	2	1	4	8	10	3	15	7	11	3	7	2	9	7	14	9	11	12	15	20	27	17	20	17	19	24	8	8	8	9	11	22	13	12	8	8	10	6	16	11	13	17	12	13	21	19	19	21	11	13	18	17	15	14	16	9	8	6	4	11	3	5	7	3	0	2	3	1	5	5	2	3	2	2	1	0	0	0	0	0	0	0	0	0	0	0	0	0	0	0	0	0	0	0	0	0	0	0	0	0	0	0	0	0	0
0	0	0	0	1	0	0	0	0	0	0	0	0	0	0	0	0	0	1	0	0	0	0	0	3	1	0	0	0	0	0	1	0	2	3	4	0	2	3	4	6	4	7	3	3	1	1	1	5	2	7	6	4	6	7	4	6	4	12	13	20	10	15	20	25	25	17	30	14	20	11	10	15	13	15	13	14	15	13	7	9	6	10	7	14	10	19	20	12	11	24	14	19	19	12	15	12	8	9	14	13	10	9	6	7	6	5	5	1	2	1	3	0	6	6	2	1	1	1	4	0	0	0	0	0	0	0	0	0	0	0	0	0	0	0	0	0	0	0	0	0	0	0	0	0	0	0	0	0	0
0	0	0	0	0	0	0	0	0	0	0	0	0	0	0	0	0	0	0	0	0	0	0	0	1	2	1	1	0	0	0	0	0	1	6	3	2	2	3	4	6	6	3	6	1	3	7	7	12	5	5	4	10	8	7	5	11	9	19	21	8	17	13	20	27	27	25	26	33	14	19	20	19	25	22	21	21	16	10	18	16	14	13	11	6	14	11	18	11	17	17	24	16	14	27	25	21	15	11	15	8	8	9	12	10	5	4	8	9	5	3	3	2	5	5	2	2	0	4	1	0	0	0	0	0	0	0	0	0	0	0	0	0	0	0	0	0	0	0	0	0	0	0	0	0	0	0	0	0	0
0	0	0	0	0	0	0	0	0	0	0	0	0	0	0	0	0	0	0	0	0	0	0	0	0	0	0	0	4	0	0	0	0	0	4	0	2	1	7	1	6	6	6	6	6	3	1	4	6	1	3	4	4	6	10	10	12	11	9	7	9	22	15	16	17	15	21	22	23	24	15	15	22	20	15	12	14	3	9	9	13	12	10	6	10	11	16	12	14	15	9	11	9	14	19	25	21	12	7	10	12	11	1	11	10	8	1	4	8	1	2	2	1	4	1	3	2	0	2	3	1	0	0	0	1	0	0	0	0	0	0	0	0	0	0	0	0	0	0	0	0	0	0	0	0	0	0	0	0	0
0	0	0	0	0	0	0	0	0	0	0	0	0	0	0	0	0	0	0	0	0	0	0	0	1	1	1	1	1	0	0	0	0	3	2	3	4	3	6	4	6	5	4	4	4	8	3	5	3	7	4	6	9	12	14	11	9	4	16	15	15	18	15	23	24	33	22	29	29	24	24	17	15	29	20	21	14	15	10	7	11	13	9	11	15	13	18	16	25	25	11	19	18	18	24	24	13	22	9	8	5	16	10	8	10	3	3	10	7	6	3	4	5	1	2	1	3	3	0	0	0	0	0	0	0	0	0	0	0	0	0	0	0	0	0	0	0	0	0	0	0	0	0	0	0	0	0	0	0	0
0	0	0	0	0	0	0	0	0	0	0	0	0	0	0	0	0	0	0	0	2	0	1	1	0	0	0	0	1	1	0	1	1	0	2	4	4	3	4	1	3	6	5	4	4	5	2	2	4	6	4	3	4	7	6	4	12	12	15	14	16	20	9	24	17	13	18	15	22	21	21	11	15	20	15	17	7	13	13	12	7	13	13	10	11	13	14	14	10	15	9	13	26	16	10	17	13	12	6	7	10	12	14	10	1	5	0	6	5	3	5	2	2	2	3	2	2	1	0	0	0	2	0	1	0	0	0	0	0	0	0	0	0	0	0	0	0	0	0	0	0	0	0	0	0	0	0	0	0	0
0	0	0	0	0	0	0	0	0	0	0	0	1	1	1	0	1	0	1	0	0	0	0	0	0	0	0	2	2	1	0	0	8	4	2	2	6	2	1	3	6	5	4	5	2	4	11	10	10	13	8	5	6	6	13	8	11	23	15	23	10	20	23	19	18	19	24	20	29	20	27	16	18	21	17	19	18	16	17	8	7	9	16	17	11	9	10	13	17	15	14	17	17	19	21	17	18	18	12	19	13	16	11	4	1	4	8	10	6	6	5	1	2	1	6	5	0	0	0	0	0	0	1	1	0	0	0	0	0	0	0	0	0	0	0	0	0	0	0	0	0	0	0	0	0	0	0	0	0	0
0	0	0	0	0	0	0	0	1	0	1	1	1	0	0	0	0	0	0	0	0	0	0	0	0	0	0	1	1	1	0	4	6	2	0	0	4	1	2	2	2	5	4	7	5	9	5	4	8	3	9	9	3	8	9	7	15	16	8	12	15	23	19	20	14	18	18	17	14	18	16	17	17	7	19	14	10	14	12	8	6	8	17	15	11	8	11	10	11	15	11	11	12	13	19	13	20	16	13	9	13	6	5	6	5	2	1	6	2	4	4	7	1	1	2	3	0	0	0	0	0	1	0	0	0	0	0	0	0	0	0	0	0	0	0	0	0	0	0	0	0	0	0	0	0	0	0	0	0	0
0	1	1	1	1	1	0	0	0	0	0	0	0	0	0	0	0	0	0	0	0	0	0	0	0	0	0	0	0	0	1	6	1	3	1	1	3	5	2	6	0	4	5	7	6	6	12	8	2	7	8	10	13	9	11	16	14	17	17	21	18	23	17	24	22	33	32	24	17	16	17	20	13	19	16	14	17	13	11	8	10	6	13	6	33	14	16	15	14	12	22	14	20	18	19	21	19	17	13	17	12	13	9	2	3	5	3	7	4	3	2	3	8	5	2	2	0	0	0	0	0	0	0	0	0	0	0	0	0	0	0	0	0	0	0	0	0	0	0	0	0	0	0	0	0	0	0	0	0	0
1	0	0	0	0	0	0	0	0	0	0	0	0	0	0	0	0	0	0	0	0	0	0	0	0	0	0	0	0	0	1	1	4	1	1	2	2	3	4	6	3	7	5	2	3	4	5	5	5	5	8	12	10	5	15	15	12	18	6	15	17	18	19	15	13	20	11	15	22	14	16	16	14	11	17	24	16	7	10	4	3	11	18	9	15	13	15	10	9	8	9	18	12	14	14	15	21	8	14	11	10	14	1	2	5	6	2	7	4	2	3	4	3	2	4	0	0	0	0	0	0	0	0	0	0	0	0	0	0	0	0	0	0	0	0	0	0	0	0	0	0	0	0	0	0	0	0	0	0	0
0	0	0	0	0	0	0	0	0	0	0	0	0	0	0	0	0	0	0	0	0	0	0	0	0	0	0	0	2	1	2	1	1	1	1	0	3	3	2	9	7	5	1	7	8	9	6	5	4	10	6	10	11	12	15	8	14	8	10	13	16	17	19	14	19	25	19	18	12	11	10	14	15	16	9	17	15	10	6	5	14	14	8	15	7	14	16	9	11	12	13	12	15	15	21	16	10	7	10	12	11	9	7	4	4	1	0	6	5	1	3	6	4	3	0	1	1	0	0	0	1	0	0	0	0	0	0	0	0	0	0	0	0	0	0	0	0	0	0	0	0	0	0	0	0	0	0	0	0	0
0	0	0	0	0	0	0	0	0	0	0	0	0	0	0	0	0	0	0	0	0	0	0	0	0	0	0	1	1	4	3	1	1	2	2	1	6	3	2	5	8	1	1	5	7	5	9	8	8	8	16	10	11	15	10	18	19	26	19	18	16	11	17	23	20	31	14	23	21	14	15	20	22	19	20	29	17	14	15	17	5	16	7	15	15	20	16	19	11	11	17	15	15	12	19	16	9	14	19	16	7	14	7	5	5	5	4	8	5	2	2	2	4	2	3	0	2	0	0	0	1	0	0	0	0	0	0	0	0	0	0	0	0	0	0	0	0	0	0	0	0	0	0	0	0	0	0	0	0	0
0	0	0	0	0	0	0	1	0	0	1	0	0	0	1	0	0	0	0	1	1	1	2	2	0	1	0	1	0	0	0	0	0	1	3	1	3	4	2	3	3	4	4	5	3	5	7	5	5	12	10	10	7	8	14	16	14	17	12	14	15	15	17	11	15	19	21	19	15	13	16	13	15	18	21	13	17	17	10	8	10	12	9	7	14	14	10	16	7	10	18	4	15	8	5	16	16	11	10	13	12	6	3	6	8	4	4	2	5	0	3	0	0	1	2	0	0	2	1	0	1	0	0	0	0	0	0	1	0	0	0	0	1	0	0	0	0	0	0	0	0	0	0	0	0	0	0	0	0	0
0	0	0	0	0	0	0	0	0	0	0	0	2	0	1	2	2	0	2	0	1	0	2	0	1	1	0	0	1	0	2	0	2	3	2	2	1	4	4	1	0	3	5	2	5	5	14	10	8	20	15	8	7	11	16	13	16	19	17	27	27	15	20	22	31	18	18	21	17	20	23	7	25	18	21	19	26	12	12	14	13	11	19	16	9	16	22	9	10	8	11	15	17	10	11	11	9	10	14	9	16	17	13	3	9	8	8	3	1	6	0	3	1	2	2	2	3	0	1	0	0	0	0	0	0	0	0	0	0	1	0	1	0	1	0	0	0	0	0	0	0	0	0	0	0	0	0	0	0	0
0	0	0	1	1	0	0	1	0	3	0	1	1	0	0	0	1	0	1	1	1	0	2	0	0	1	0	1	0	0	0	0	0	0	0	0	0	0	6	4	3	4	4	2	4	4	7	15	9	8	13	4	7	9	16	18	7	15	15	23	11	17	19	11	23	18	24	10	13	13	10	15	17	12	18	10	19	21	9	9	15	12	8	6	9	12	12	12	18	10	8	9	9	17	8	18	8	6	11	7	8	7	7	7	6	2	1	6	1	4	6	1	0	1	1	1	2	2	0	0	0	0	1	0	0	0	0	0	0	0	0	0	0	0	0	0	0	0	0	0	0	0	0	0	0	0	0	0	0	0
0	0	3	0	0	2	1	1	1	1	0	1	1	0	1	1	0	0	0	0	0	0	1	0	0	0	0	0	0	0	0	0	1	0	2	1	0	1	1	3	1	1	7	3	9	11	16	8	10	18	10	13	14	20	16	23	16	14	18	20	23	15	19	23	27	27	23	16	13	12	16	25	26	18	15	25	13	11	17	13	13	20	15	6	10	15	11	11	15	21	16	7	12	14	11	13	7	12	11	7	15	2	5	5	10	7	7	6	4	2	2	2	6	6	2	1	1	0	0	0	0	0	0	1	0	0	0	0	0	0	0	0	0	0	0	0	0	0	0	0	0	0	0	0	0	0	0	0	0	0
0	0	0	0	0	0	0	0	0	0	0	0	0	0	0	0	0	0	0	0	0	0	1	0	0	0	0	0	0	0	1	2	2	0	2	1	2	1	1	2	2	5	2	6	5	8	6	8	10	17	13	13	6	10	10	13	12	16	15	18	20	14	12	11	10	17	14	19	15	11	22	18	16	14	18	15	21	11	16	11	12	6	12	14	15	12	11	14	8	10	11	10	6	3	9	4	8	11	6	7	7	5	5	3	10	4	2	6	3	5	0	1	5	4	6	1	0	0	0	0	0	0	0	0	0	0	0	0	0	0	0	0	0	0	0	0	0	0	0	0	0	0	0	0	0	0	0	0	0	0
0	0	0	2	0	0	0	0	0	3	0	1	0	0	0	1	1	0	0	0	0	2	0	1	1	0	2	0	1	2	1	2	1	0	4	0	2	3	0	0	3	3	5	1	7	7	12	7	9	17	7	14	12	25	18	14	21	16	16	21	9	19	20	12	18	22	20	19	18	19	18	25	23	19	17	19	20	17	18	19	11	18	17	16	12	10	17	13	15	17	10	11	11	6	5	10	10	9	15	16	10	6	8	4	7	5	4	5	7	3	5	3	1	4	3	0	0	1	0	0	0	0	0	0	0	0	0	0	0	0	0	0	0	0	0	0	0	0	0	0	0	0	0	0	0	0	0	0	0	0
0	1	0	0	1	1	0	0	1	0	0	1	1	0	0	1	0	1	0	1	0	0	0	1	0	0	0	0	0	0	0	0	0	0	0	2	1	0	2	1	3	2	3	2	5	3	12	13	10	8	11	16	19	6	7	15	11	13	13	18	15	11	9	10	15	12	13	16	17	18	10	18	17	15	19	19	18	12	17	16	8	19	12	10	10	7	11	11	10	14	5	9	5	7	9	4	9	7	9	8	8	6	9	8	3	8	5	1	3	1	0	3	6	1	1	2	1	1	0	2	0	0	1	1	0	0	0	0	0	0	0	0	0	0	0	0	0	0	0	0	0	0	0	0	0	0	0	0	0	0
0	1	1	0	0	0	0	1	0	0	0	1	0	0	0	0	0	0	0	0	1	0	0	0	0	0	0	0	1	1	0	0	1	0	1	1	4	0	0	1	2	2	3	2	3	6	4	8	10	6	5	13	15	18	10	10	19	17	13	12	15	11	14	14	9	14	17	17	17	18	12	16	22	13	17	18	15	23	13	12	13	14	14	9	7	7	11	12	6	13	11	8	6	10	8	4	7	6	11	6	7	2	10	3	6	4	6	4	6	4	0	3	2	1	1	2	1	1	0	2	0	0	1	0	0	0	0	0	0	0	0	0	0	0	0	0	0	0	0	0	0	0	0	0	0	0	0	0	0	0
0	1	0	0	1	0	0	0	0	0	1	2	0	0	0	0	1	1	0	1	0	0	0	1	2	2	0	0	1	2	0	2	3	2	0	2	2	2	2	3	2	2	4	2	8	8	12	9	12	8	9	11	14	12	13	25	18	11	15	11	15	15	21	18	19	16	19	31	21	20	13	12	22	23	24	23	24	14	16	22	13	10	17	13	8	18	15	12	13	8	15	10	6	12	6	13	6	5	5	10	16	15	8	4	3	4	5	7	3	2	1	6	4	0	2	1	0	0	0	1	0	0	4	0	0	1	0	0	0	0	0	0	0	0	0	0	0	0	0	0	0	0	0	0	0	0	0	0	0	0
0	2	2	0	0	3	2	0	0	1	1	1	2	0	1	5	1	0	1	3	0	2	2	1	1	1	3	2	1	2	4	1	2	2	1	0	1	2	0	1	1	2	1	0	0	6	3	2	6	7	6	8	12	8	5	10	13	12	14	15	16	12	14	15	18	22	10	16	12	12	10	10	14	15	15	16	19	14	14	16	13	16	12	9	13	8	13	12	11	6	7	11	5	7	8	7	12	9	9	6	8	12	11	0	3	2	4	4	4	3	1	1	1	1	2	2	0	0	0	1	1	0	0	0	1	0	1	0	0	0	0	0	0	0	0	0	0	0	0	0	0	0	0	0	0	0	0	0	0	0
1	5	1	1	2	1	0	3	1	3	0	2	1	1	1	1	0	1	1	1	0	2	1	0	1	0	2	0	0	0	1	1	1	0	0	0	1	3	2	2	2	2	1	4	2	1	3	4	2	2	7	9	10	8	12	11	12	19	23	20	15	15	17	17	23	18	19	16	16	17	17	20	14	21	17	28	24	20	12	17	15	11	15	19	9	13	21	10	19	13	10	8	7	4	10	16	13	7	11	5	8	9	12	3	2	1	6	4	3	4	5	2	3	4	0	0	0	0	0	0	0	0	0	1	0	1	1	2	0	0	0	0	0	0	0	0	0	0	0	0	0	0	0	0	0	0	0	0	0	0
1	0	0	0	0	2	0	0	1	1	0	0	0	1	0	0	1	2	2	0	1	0	0	1	2	1	0	2	1	1	1	2	0	3	1	1	1	1	0	1	3	1	1	1	2	1	1	5	5	7	5	4	7	1	4	6	14	17	14	18	8	12	11	18	11	13	13	11	17	15	18	14	12	16	15	11	12	15	11	14	11	16	15	11	11	12	7	10	6	12	13	13	8	4	4	9	3	6	9	8	4	10	4	6	4	0	6	6	5	1	2	2	2	0	2	1	0	0	1	0	0	1	0	0	0	0	0	1	1	0	0	0	0	0	0	0	0	0	0	0	0	0	0	0	0	0	0	0	0	0
3	1	3	4	2	1	1	0	1	2	2	1	2	1	0	1	3	3	2	1	1	2	0	0	2	3	2	0	1	1	3	0	0	1	1	2	2	0	0	2	2	0	3	1	1	2	3	0	6	4	3	3	4	4	9	7	8	10	12	18	6	9	15	21	26	14	28	17	21	9	16	19	17	14	17	25	9	21	13	18	16	23	13	13	13	16	12	11	17	7	9	11	12	11	6	9	11	11	11	6	3	8	4	8	2	11	6	4	1	1	1	2	5	1	0	0	0	0	0	0	1	0	0	0	1	0	0	0	2	0	1	0	0	0	0	0	0	0	0	0	0	0	0	0	0	0	0	0	0	0
3	1	3	1	2	2	2	3	0	0	5	0	1	0	2	2	0	1	0	0	0	2	2	0	3	3	1	0	1	0	0	2	2	0	2	3	2	2	1	1	2	4	3	3	4	3	0	1	2	2	3	2	2	4	2	0	3	4	3	10	7	9	9	4	11	11	17	16	19	15	7	17	15	14	10	13	9	12	14	10	13	11	14	11	15	13	9	5	7	13	15	7	8	8	7	7	8	6	4	5	4	5	7	2	6	5	10	3	2	2	1	3	0	0	0	0	0	0	0	0	0	0	1	0	0	1	0	2	0	0	0	0	0	0	0	0	0	0	0	0	0	0	0	0	0	0	0	0	0	0
6	6	4	6	3	1	2	3	3	2	4	2	1	3	5	1	3	2	4	1	1	2	2	1	4	3	2	2	0	1	1	3	1	3	4	2	1	1	2	0	1	0	2	1	2	2	0	3	4	3	1	1	0	2	1	3	2	2	5	3	6	2	5	8	7	10	9	8	15	16	10	21	20	20	17	13	18	15	14	20	9	21	8	13	16	16	13	12	12	12	16	4	8	8	9	11	7	6	7	15	8	9	5	3	2	4	5	5	4	4	4	3	0	1	0	0	0	0	0	0	0	0	0	1	0	0	0	0	1	2	0	2	0	0	1	0	0	0	0	1	0	0	0	0	0	0	0	0	0	0
6	6	6	6	10	8	5	6	3	4	2	4	2	2	1	1	1	3	2	1	2	1	1	1	1	4	4	1	1	0	1	0	3	2	1	0	1	1	1	3	1	0	2	0	1	1	3	1	2	1	2	1	1	1	0	3	2	5	0	0	2	0	0	3	4	2	4	7	3	3	11	9	6	6	17	10	12	14	11	11	15	10	10	3	6	9	9	10	10	7	20	10	11	7	9	6	9	9	4	3	7	5	5	3	3	6	2	3	1	4	2	3	1	1	0	1	0	0	0	0	0	0	0	0	0	0	0	0	0	1	1	0	0	0	0	0	0	0	0	0	0	0	0	0	0	0	0	0	0	0
13	4	13	10	11	6	14	15	4	12	6	15	9	3	12	6	3	4	1	1	1	4	1	1	1	1	1	0	1	0	0	3	0	0	1	1	0	3	1	1	0	3	1	0	0	0	0	0	2	3	1	0	1	0	1	0	0	0	1	2	1	2	1	3	2	2	0	1	4	1	2	3	4	6	6	9	10	11	7	14	9	9	14	9	7	7	7	6	7	10	8	15	11	10	9	5	6	8	7	8	2	4	7	2	4	0	6	4	5	5	1	3	1	1	1	1	0	0	0	0	0	0	0	0	0	0	0	0	0	0	0	0	0	0	0	0	0	0	0	0	0	0	0	0	0	0	0	0	0	0
14	10	8	6	15	10	13	8	10	13	19	22	15	19	23	17	19	19	24	21	14	20	19	14	6	5	7	2	4	1	3	2	1	1	0	2	1	0	3	2	0	2	3	2	0	0	1	1	1	0	4	2	1	1	1	0	3	1	1	2	2	1	0	1	0	2	1	1	1	2	1	2	3	2	8	4	2	2	1	7	2	5	4	7	7	7	13	8	10	13	11	10	14	7	9	9	9	9	7	14	13	7	2	1	3	4	1	3	0	1	2	6	0	5	2	3	0	1	1	0	0	0	0	0	0	0	0	0	0	0	0	0	0	0	0	0	0	0	0	0	0	0	0	0	0	0	0	0	0	0
5	6	6	3	5	8	5	5	8	8	9	3	8	8	6	9	12	12	8	14	18	12	15	17	23	23	27	34	23	26	21	28	28	11	13	16	7	6	5	4	1	2	0	0	0	3	0	0	0	0	0	0	0	0	0	1	0	0	0	1	0	0	1	1	1	0	0	0	0	0	0	1	2	1	0	3	0	0	0	1	0	2	0	1	3	0	0	1	3	2	5	8	3	5	5	4	6	6	12	4	2	5	3	2	4	2	2	3	0	1	1	5	2	1	0	0	2	1	0	1	0	0	0	0	0	0	0	0	0	0	0	0	0	0	0	0	0	0	0	0	0	0	0	0	0	0	0	0	0	0
7	4	4	3	3	4	1	2	4	8	9	3	5	3	3	4	4	1	5	8	2	6	6	7	8	7	6	8	8	11	8	10	25	23	27	30	24	39	31	31	34	40	39	29	35	32	31	32	26	27	29	21	26	25	15	20	11	8	7	8	4	2	0	1	1	0	1	0	0	0	0	0	0	0	0	0	0	0	0	1	0	1	0	0	0	0	0	1	0	1	0	1	0	0	0	1	3	0	0	2	0	1	1	0	0	0	0	0	0	1	0	0	1	0	1	0	0	0	0	0	0	0	0	0	0	0	0	0	0	0	1	0	1	0	0	0	0	0	0	0	0	0	0	0	0	0	0	0	0	0
0	0	0	0	0	0	0	0	0	0	0	0	0	0	0	0	0	0	0	0	0	0	0	0	0	1	0	1	0	1	0	0	0	0	0	3	0	0	1	1	0	0	1	2	1	5	3	4	3	5	11	2	11	4	14	12	15	20	25	21	21	30	23	24	25	21	21	16	30	16	19	20	23	14	22	15	23	12	16	13	16	15	9	10	18	11	7	10	14	14	9	6	7	9	9	7	5	4	3	8	6	1	3	3	6	2	1	2	2	6	0	1	1	3	0	1	1	0	0	0	1	0	1	0	0	0	0	0	0	0	0	0	0	0	0	0	0	0	0	0	0	0	0	0	0	0	0	0	0	0
0	0	0	0	0	0	0	0	0	0	0	0	0	0	0	0	0	0	0	0	0	0	0	0	0	0	1	0	0	1	0	0	0	1	0	0	1	0	0	2	0	1	0	1	1	0	0	2	2	3	3	4	6	7	5	10	5	7	9	9	7	16	5	14	17	16	17	14	20	15	16	26	16	22	22	18	28	24	17	21	19	17	28	25	16	24	14	19	19	21	21	22	19	14	13	22	15	12	15	20	12	13	14	14	8	14	8	12	9	9	10	11	14	7	5	5	4	4	3	1	0	1	2	7	2	1	3	1	1	0	0	1	0	0	0	0	0	1	1	0	0	0	0	0	0	0	0	0	0	0
0	0	0	0	0	0	0	0	0	0	0	0	0	0	0	0	0	0	0	0	1	1	0	1	1	0	0	0	0	0	1	1	0	1	1	1	0	1	1	1	0	1	2	4	4	6	8	9	6	9	12	12	9	10	10	10	8	13	11	16	13	21	15	18	14	13	22	18	14	16	19	26	18	20	21	16	21	16	14	18	11	13	12	17	16	17	7	11	7	4	8	9	12	10	7	14	8	9	4	6	9	12	7	9	11	3	3	4	2	4	3	2	1	1	2	0	2	0	0	0	0	0	0	0	0	0	2	0	0	0	0	0	0	0	0	0	0	0	0	0	0	0	0	0	0	0	0	0	0	0
0	0	0	0	0	0	0	0	0	0	0	0	0	0	0	0	0	2	1	2	0	0	0	0	0	0	1	2	1	1	0	0	0	3	1	1	0	0	0	3	9	6	5	9	13	16	8	11	8	14	16	14	14	14	13	16	15	12	30	22	18	16	18	20	29	19	22	19	16	22	21	18	24	26	11	18	21	19	15	21	15	17	17	18	12	8	16	15	8	6	12	10	11	7	13	7	12	13	7	9	11	9	6	8	7	8	9	8	4	6	3	4	4	3	0	1	0	0	0	0	2	2	0	0	0	0	1	0	0	0	0	0	0	0	0	0	0	0	0	0	0	0	0	0	0	0	0	0	0	0
0	0	0	0	0	0	0	0	0	0	0	0	0	0	0	0	4	0	0	0	0	0	0	0	1	2	1	0	0	0	0	2	2	0	0	0	2	1	1	6	7	4	9	14	15	6	7	6	9	6	0	22	13	13	15	9	13	23	21	17	10	10	12	22	13	20	6	12	18	15	14	19	18	10	16	18	17	9	17	19	17	14	13	15	9	8	5	6	7	7	9	16	2	9	11	12	6	4	10	4	5	13	6	9	8	1	5	3	2	4	2	5	2	2	0	1	0	0	0	0	1	0	1	0	2	0	0	0	0	0	0	0	0	0	0	0	0	0	0	0	0	0	0	0	0	0	0	0	0	0
0	0	0	0	0	0	0	0	0	0	0	0	0	0	0	4	0	0	0	0	0	0	0	2	2	0	0	0	0	0	2	2	0	0	0	0	2	4	1	9	4	6	17	11	5	11	10	5	3	13	6	8	14	13	19	18	18	25	17	17	16	11	7	10	16	13	11	15	18	13	13	25	9	15	19	17	19	12	18	10	12	13	8	9	3	13	11	11	12	7	11	9	8	6	9	6	5	6	3	5	6	13	3	12	5	10	3	1	6	9	1	4	4	0	0	0	0	2	1	1	0	0	0	0	0	0	0	0	0	0	0	0	0	0	0	0	0	0	0	0	0	0	0	0	0	0	0	0	0	0
0	0	0	0	0	0	0	0	0	0	0	0	0	0	3	2	0	0	0	0	0	0	1	4	0	0	0	0	0	0	5	0	0	0	2	2	4	2	2	7	6	8	11	11	7	20	13	8	8	15	14	16	19	13	14	22	13	22	30	16	18	9	20	21	18	18	19	16	20	12	17	9	18	17	30	30	23	21	23	11	15	13	17	23	11	8	13	9	9	8	12	5	7	11	10	18	10	8	8	6	11	7	8	13	3	5	4	4	7	7	4	3	4	1	3	2	1	2	0	1	0	0	1	1	0	0	0	0	0	0	0	0	0	0	0	0	0	0	0	0	0	0	0	0	0	0	0	0	0	0
0	0	0	0	0	0	0	0	0	0	0	0	0	0	4	0	0	0	0	0	0	0	2	2	0	0	0	0	0	0	4	0	0	0	0	1	3	4	6	5	3	5	2	9	10	9	8	4	12	10	16	10	12	19	10	12	17	10	19	18	13	12	11	10	16	15	16	22	14	23	20	12	10	8	12	21	20	9	17	12	16	17	8	13	13	8	14	11	12	4	6	6	2	7	3	6	9	7	7	6	6	15	7	11	4	2	4	5	8	4	6	3	1	2	3	0	0	0	3	1	0	0	0	0	0	0	0	0	0	0	0	0	0	0	0	0	0	0	0	0	0	0	0	0	0	0	0	0	0	0
0	0	0	0	0	0	0	0	0	0	0	0	0	0	5	0	0	0	0	0	0	0	3	2	0	0	0	0	0	0	2	3	0	1	2	2	0	1	8	5	11	4	1	12	2	6	13	7	7	12	19	13	23	22	12	20	13	17	25	16	22	14	19	19	25	22	20	23	20	14	20	16	32	18	22	22	16	17	18	20	14	17	12	15	14	20	12	10	12	11	5	11	3	5	11	4	8	12	12	9	9	13	12	4	9	7	6	7	3	6	4	1	10	2	0	0	0	0	0	0	0	0	1	0	1	0	1	0	1	1	0	0	0	0	0	0	0	0	0	0	0	0	0	0	0	0	0	0	0	0
0	0	0	0	0	0	0	0	0	0	0	0	0	0	3	1	0	0	0	0	0	0	0	4	0	0	0	0	0	0	3	1	0	1	1	2	3	4	1	4	2	5	4	8	4	4	5	6	3	16	10	8	14	22	17	10	12	12	17	18	14	16	9	17	18	17	10	17	15	21	17	11	19	23	12	17	21	14	9	16	14	14	10	11	14	18	13	10	7	8	3	8	4	3	8	5	10	4	4	7	10	14	8	3	8	9	6	7	1	4	1	5	4	4	2	1	0	0	1	1	0	0	1	0	0	1	0	0	0	0	0	0	0	0	0	0	0	0	0	0	0	0	0	0	0	0	0	0	0	0
0	0	0	0	0	0	0	0	0	0	0	0	0	0	5	0	0	0	0	0	0	0	0	0	4	1	0	0	0	0	4	1	0	2	6	3	1	3	1	4	3	7	2	13	11	2	2	0	4	5	14	14	15	20	19	12	22	21	16	21	26	17	19	18	23	22	14	28	29	17	16	20	13	19	36	18	22	18	16	16	16	19	16	18	15	13	13	15	6	9	10	10	12	6	7	6	6	13	13	14	10	14	10	8	9	7	5	7	2	2	2	4	9	6	2	0	2	0	0	0	0	0	0	0	0	1	2	0	0	0	0	0	0	0	0	0	0	0	0	0	0	0	0	0	0	0	0	0	0	0
0	0	0	0	0	0	0	0	0	0	0	0	0	0	3	1	0	0	0	0	0	0	0	0	0	4	0	0	0	0	0	4	2	1	6	2	1	1	2	1	4	6	0	6	11	8	2	1	1	8	5	7	16	16	11	12	11	18	17	19	18	21	16	14	15	15	6	10	25	19	14	16	12	18	21	15	11	20	16	11	17	15	12	10	17	11	9	17	10	11	10	8	6	5	5	4	7	10	6	6	6	12	12	9	7	4	7	11	0	1	0	4	3	2	3	1	3	1	0	0	0	0	0	0	0	0	0	1	0	0	0	0	0	0	0	0	0	0	0	0	0	0	0	0	0	0	0	0	0	0
0	0	0	0	0	0	0	0	0	0	0	0	0	0	0	5	0	0	0	0	0	0	0	0	0	1	3	1	0	0	0	6	5	1	1	7	2	3	6	2	9	3	3	10	1	8	5	7	5	6	8	12	16	17	10	19	18	17	13	16	12	17	18	26	31	28	13	24	16	24	13	14	12	22	21	28	24	23	14	19	15	14	18	16	16	13	12	12	16	16	13	10	5	11	9	6	12	7	9	11	24	13	13	9	9	5	9	2	5	2	3	4	6	4	2	1	2	3	0	1	1	0	0	0	0	0	0	0	0	0	0	0	0	0	0	0	0	0	0	0	0	0	0	0	0	0	0	0	0	0
0	0	0	0	0	0	0	0	0	0	0	0	0	0	0	2	2	0	0	0	0	0	0	0	0	0	2	2	0	0	2	2	3	1	2	4	3	3	1	1	8	4	2	6	9	8	4	1	4	7	6	11	13	14	7	13	14	10	14	7	5	15	11	18	14	20	14	15	23	20	15	17	25	21	13	16	16	18	20	16	10	15	8	11	8	9	11	19	13	6	9	7	5	6	7	15	10	8	7	10	9	15	14	7	4	6	1	3	3	1	3	2	4	3	2	1	2	2	0	3	1	0	0	0	0	0	0	0	0	0	0	0	0	0	0	0	0	0	0	0	0	0	0	0	0	0	0	0	0	0
0	0	0	0	0	0	0	0	0	0	0	0	0	0	0	0	4	0	0	0	0	0	0	0	0	0	1	3	0	0	0	3	1	0	0	4	0	1	4	2	5	5	1	17	6	9	2	5	5	8	3	6	7	13	14	8	11	9	14	16	10	12	15	18	12	15	12	17	21	12	14	23	18	21	21	24	32	19	10	8	11	9	9	12	14	16	16	10	5	6	7	15	11	8	12	2	9	10	9	12	9	6	10	8	8	3	4	1	2	3	4	2	5	2	2	1	2	4	1	2	0	0	0	0	0	0	0	0	0	0	0	0	0	0	0	0	0	0	0	0	0	0	0	0	0	0	0	0	0	0
0	0	0	0	0	0	0	0	0	0	0	0	0	0	0	0	1	4	0	0	0	0	0	0	0	5	0	0	0	0	0	1	2	2	4	1	0	0	4	4	5	5	7	8	18	5	8	10	8	7	5	11	7	9	11	18	16	21	13	13	5	15	21	11	17	23	24	24	24	22	18	23	23	22	35	26	20	22	20	16	26	10	13	10	12	13	12	10	15	11	8	15	15	13	12	9	13	12	14	8	11	9	16	21	17	6	3	1	1	0	1	4	1	5	2	3	4	1	0	1	1	1	0	0	0	0	0	0	0	0	0	0	0	0	0	0	0	0	0	0	0	0	0	0	0	0	0	0	0	0
0	0	0	0	0	0	0	0	0	0	0	0	0	0	0	0	0	3	1	0	0	0	0	0	0	4	0	0	0	0	0	2	0	1	1	4	2	3	2	7	9	0	6	5	13	6	4	7	7	3	5	6	6	8	6	10	18	12	19	12	6	8	9	12	8	11	24	21	20	17	19	17	22	20	16	28	20	11	16	16	15	12	19	14	11	7	10	10	11	5	10	8	7	6	6	14	9	5	8	16	13	10	13	17	6	4	2	3	1	0	3	1	1	2	5	2	0	2	0	1	0	1	1	0	0	0	0	0	0	0	0	0	0	0	0	0	0	0	0	0	0	0	0	0	0	0	0	0	0	0
0	0	0	0	0	0	0	0	0	0	0	0	0	0	0	0	0	0	5	0	0	0	0	0	0	1	4	0	0	0	0	0	0	2	2	2	9	4	6	4	2	6	6	12	16	11	11	5	5	4	6	8	11	5	11	13	22	17	14	13	6	14	16	13	16	19	25	29	17	27	24	18	27	27	21	32	24	13	15	19	11	24	17	16	16	20	9	10	7	11	8	12	13	13	20	10	7	13	9	7	17	8	12	14	10	11	3	7	2	1	3	0	3	4	3	5	1	2	1	0	0	0	1	2	1	0	0	0	0	0	0	0	0	0	0	0	0	0	0	0	0	0	0	0	0	0	0	0	0	0
0	0	0	0	0	0	0	0	0	0	0	0	0	0	0	0	0	0	0	4	0	0	0	0	0	0	3	1	0	0	0	0	0	0	0	3	6	9	6	3	5	2	1	10	8	7	2	6	3	4	10	6	13	6	14	8	8	7	8	14	17	9	11	20	10	15	18	14	17	16	27	13	20	23	21	16	17	11	20	8	17	15	12	9	11	15	14	8	13	11	3	7	8	5	13	10	8	15	8	15	12	10	8	12	13	1	2	4	2	2	3	3	4	4	2	1	0	0	0	0	1	0	0	0	0	0	0	0	0	0	2	0	1	0	0	0	0	0	0	0	0	0	0	0	0	0	0	0	0	0
0	0	0	0	0	0	0	0	0	0	0	0	0	0	0	0	0	0	0	2	3	0	0	0	0	0	0	3	2	2	1	2	0	1	0	1	0	2	10	7	5	8	5	9	7	2	5	4	11	3	12	10	11	7	13	14	13	22	10	14	11	13	15	17	8	22	22	22	17	13	18	30	29	24	29	30	20	16	17	11	19	12	14	9	22	24	14	15	15	13	13	14	12	14	10	12	10	16	15	12	12	12	14	9	8	7	10	2	2	6	2	5	6	3	4	2	0	0	0	0	0	0	0	0	0	0	0	0	2	0	1	1	1	0	0	0	0	0	0	0	0	0	0	0	0	0	0	0	0	0
0	0	0	0	0	0	0	0	0	0	0	0	0	0	0	0	0	0	0	0	1	3	0	0	0	0	0	0	0	0	2	2	2	1	0	3	0	9	2	4	2	6	3	6	4	5	8	3	4	4	6	11	5	11	11	12	10	13	15	6	12	13	9	8	13	14	15	20	21	19	15	18	18	20	17	23	17	8	13	12	10	16	6	7	16	10	18	12	15	10	16	12	11	8	11	15	10	11	6	16	6	14	11	9	6	4	6	1	6	3	2	2	4	2	2	2	3	0	0	0	0	0	0	0	0	0	0	2	0	0	2	0	0	0	0	0	0	0	0	0	0	0	0	0	0	0	0	0	0	0
0	0	0	0	0	0	0	0	0	0	0	0	0	0	0	0	0	0	0	0	3	1	1	0	0	0	0	0	0	0	0	1	4	2	0	0	1	7	4	6	9	1	4	8	3	6	2	10	1	6	5	9	13	11	11	15	13	9	10	22	12	12	16	14	14	14	31	25	21	22	23	20	24	23	25	24	19	15	18	12	9	23	13	10	12	18	16	17	20	15	24	19	20	15	12	14	18	19	19	14	11	4	9	13	11	9	3	3	4	1	1	5	5	4	3	1	0	2	1	0	0	0	0	0	0	0	0	0	1	2	0	2	0	0	0	0	0	0	0	0	0	0	0	0	0	0	0	0	0	0
0	0	0	0	0	0	0	0	0	0	0	0	0	0	0	0	0	0	0	0	0	0	2	2	0	0	0	1	0	1	0	1	1	1	1	0	4	4	3	3	5	3	2	5	4	3	2	3	5	6	4	11	6	7	8	7	15	10	9	13	6	15	20	13	7	16	16	26	18	14	14	16	11	18	16	16	19	14	15	10	13	16	13	11	16	16	14	15	20	18	9	11	15	7	10	6	13	17	15	13	9	7	10	11	8	6	5	1	4	1	0	2	1	1	5	4	1	0	0	1	0	0	0	0	0	0	0	0	0	1	1	1	1	0	0	0	0	0	0	0	0	0	0	0	0	0	0	0	0	0
0	0	0	0	0	0	0	0	0	0	0	0	0	0	0	0	0	0	0	0	0	0	0	0	4	0	0	0	1	1	1	2	2	0	0	1	1	6	2	8	2	4	2	1	2	5	4	8	1	5	4	9	7	11	10	10	12	7	5	8	12	11	11	17	13	16	14	17	17	18	18	14	27	13	22	19	18	8	14	12	10	12	8	16	17	13	13	9	13	17	21	15	17	8	17	12	16	14	13	8	14	8	4	12	8	6	3	1	2	2	1	2	1	2	1	3	1	1	1	0	0	0	0	0	0	0	0	0	0	1	1	0	2	0	0	0	0	0	0	0	0	0	0	0	0	0	0	0	0	0
0	0	0	0	0	0	0	0	0	0	0	0	0	0	0	0	0	0	0	0	0	0	0	0	3	2	0	0	0	0	0	0	1	1	2	3	3	2	4	4	4	5	7	2	4	4	9	3	5	4	9	8	12	12	11	20	14	9	9	13	12	10	8	15	10	14	20	25	26	24	18	20	16	29	25	20	13	21	20	23	9	21	15	18	13	20	19	22	17	14	19	20	19	18	12	14	8	24	17	18	12	13	9	6	13	8	10	5	4	2	4	2	0	4	3	4	1	3	0	0	0	0	0	0	0	1	0	0	2	0	1	0	0	0	1	0	0	0	0	0	0	0	0	0	0	0	0	0	0	0
0	0	0	0	0	0	0	0	0	0	0	0	0	0	0	0	0	0	0	0	0	0	0	0	1	1	1	1	0	0	0	0	2	1	0	1	1	0	1	3	6	4	4	6	8	6	3	8	3	3	3	3	8	9	13	10	13	9	7	10	3	8	8	12	10	13	13	17	24	18	27	18	20	20	24	22	13	9	11	8	7	9	11	10	16	8	27	13	12	16	19	17	17	13	10	2	13	10	15	10	17	10	8	13	14	4	9	4	4	2	0	0	1	2	4	3	2	1	0	0	0	0	0	0	0	0	0	0	0	0	0	2	2	0	0	0	0	0	0	0	0	0	0	0	0	0	0	0	0	0
0	0	0	0	0	0	0	0	0	0	0	0	0	0	0	0	0	0	0	0	0	0	0	0	0	0	0	0	2	1	1	0	3	2	0	2	1	2	2	5	3	5	7	6	3	7	6	9	8	6	6	2	4	17	14	12	7	11	10	12	10	13	17	11	17	14	15	22	19	16	15	23	36	25	29	25	22	12	14	8	14	22	19	8	17	15	19	24	20	22	22	26	24	13	13	14	9	15	18	12	12	19	14	6	10	10	3	11	5	4	3	1	2	3	0	3	3	5	0	0	0	0	0	1	0	0	0	1	0	1	0	0	1	1	0	0	0	0	0	0	0	0	0	0	0	0	0	0	0	0
0	0	0	0	0	0	0	0	0	0	0	0	0	0	0	0	0	0	0	0	0	0	0	0	0	0	0	0	2	0	0	0	2	0	1	1	3	2	3	3	1	4	1	7	4	1	1	11	6	4	8	5	3	5	9	11	9	10	12	12	5	11	14	14	15	13	12	19	17	14	21	19	19	22	22	10	18	10	6	5	12	13	13	8	12	21	17	17	11	20	20	16	17	18	18	15	13	6	7	15	14	9	12	9	11	3	3	4	3	1	3	0	1	0	3	4	4	0	0	1	1	1	0	0	0	1	0	0	0	0	0	0	0	0	0	0	0	0	0	0	0	0	0	0	0	0	0	0	0	0
0	0	0	0	0	0	0	0	0	0	0	0	0	0	0	0	0	0	0	0	0	0	0	0	0	0	0	0	0	0	1	4	1	1	1	2	2	3	1	1	5	3	4	3	6	5	4	4	10	6	4	6	3	7	8	14	10	17	22	13	15	11	16	16	15	19	15	19	19	25	30	23	20	33	20	18	12	13	12	8	13	14	11	14	16	21	23	16	27	21	15	23	26	30	17	18	13	10	14	18	22	20	13	6	10	6	6	4	4	1	0	0	2	4	3	3	4	1	0	0	0	0	0	3	1	1	0	0	0	0	0	0	0	0	0	0	0	0	0	0	0	0	0	0	0	0	0	0	0	0
0	0	0	0	0	0	0	0	0	0	0	0	0	0	0	0	0	0	0	0	0	0	0	0	0	0	0	0	0	1	1	3	1	1	1	0	0	1	1	2	5	2	3	3	3	6	5	5	3	5	2	4	5	5	7	5	12	7	15	9	14	14	10	16	16	5	15	16	15	18	12	16	19	22	10	19	14	15	10	5	5	3	9	10	15	13	26	24	20	25	19	24	25	14	15	14	12	8	8	10	10	7	10	9	11	6	12	8	4	4	0	1	1	2	2	5	2	1	0	0	1	2	0	0	0	1	0	0	0	0	0	0	0	0	0	0	0	0	0	0	0	0	0	0	0	0	0	0	0	0
0	0	0	0	0	0	0	0	0	0	0	0	0	0	0	0	0	0	0	0	0	0	0	0	0	0	0	0	0	0	0	2	7	2	1	1	0	0	0	2	1	2	4	4	5	3	5	6	11	4	9	7	4	9	10	7	13	15	16	20	10	13	10	19	26	12	14	9	17	17	20	30	24	23	24	15	16	12	13	15	12	9	8	17	16	9	24	23	23	29	28	30	36	20	22	15	16	8	11	18	10	15	16	10	16	10	6	7	6	5	1	1	3	1	2	2	1	4	0	0	0	0	0	0	1	0	0	1	0	0	0	1	0	0	1	1	0	0	0	0	0	0	0	0	0	0	0	0	0	0
0	0	0	0	0	0	0	0	0	0	0	0	0	0	0	0	0	0	0	0	0	0	0	0	0	0	0	0	0	0	0	0	1	1	1	4	1	0	0	1	1	2	5	5	1	3	4	6	2	4	4	5	6	7	8	13	9	13	7	16	15	10	11	13	10	4	11	16	14	7	19	11	26	20	23	17	18	9	6	7	8	6	6	14	14	20	15	18	29	15	24	16	23	24	22	7	8	11	5	13	12	11	10	13	13	13	8	1	5	1	3	1	0	1	4	3	4	1	0	0	0	0	0	1	1	0	0	0	0	1	0	0	0	0	0	0	0	0	1	0	0	0	0	0	0	0	0	0	0	0
0	0	0	0	0	0	0	0	0	0	0	0	0	0	0	0	0	0	0	0	0	0	0	0	0	0	0	0	0	0	0	0	0	1	2	1	2	2	0	2	1	3	3	5	4	2	0	1	6	5	5	7	6	9	10	9	6	7	8	7	18	7	15	6	11	9	14	13	13	9	19	10	23	14	21	18	17	14	8	12	5	6	9	11	16	18	15	17	23	22	18	25	27	21	18	13	8	13	11	15	13	14	6	9	5	9	9	6	5	5	3	4	1	4	3	2	1	1	0	0	0	1	0	0	0	0	0	0	0	0	2	0	0	0	0	0	1	0	0	0	0	0	0	0	0	0	0	0	0	0
0	0	0	0	0	0	0	0	0	0	0	0	0	0	0	0	0	0	0	0	0	0	0	0	0	0	0	0	0	0	1	1	1	0	0	1	2	3	4	2	2	0	3	3	1	2	6	3	4	4	7	11	4	14	6	8	7	9	7	19	18	17	24	9	11	19	11	17	14	27	18	17	13	16	31	24	20	14	15	14	8	9	10	19	8	30	24	27	22	20	24	24	20	34	37	13	13	9	11	20	20	16	2	9	13	8	22	8	8	3	5	1	3	2	3	5	3	1	0	1	0	0	1	0	0	1	0	0	0	0	0	0	0	0	1	2	0	0	0	0	0	0	0	0	0	0	0	0	0	0
0	0	0	0	0	0	0	0	0	0	0	0	0	0	0	0	0	0	0	0	0	0	0	0	0	0	0	1	0	1	0	0	0	0	1	2	4	1	3	4	1	1	4	3	0	0	0	3	5	3	5	7	4	8	6	8	10	6	7	14	8	6	10	16	15	15	10	5	16	10	13	22	20	17	22	14	15	16	14	6	8	8	4	16	18	20	21	12	16	22	19	16	24	19	21	12	11	9	7	10	14	20	15	12	12	8	10	5	5	6	1	3	2	0	3	4	1	2	0	0	0	0	0	0	0	0	0	0	0	0	0	0	3	0	1	0	0	0	0	0	0	0	0	0	0	0	0	0	0	0
0	0	0	0	0	0	0	0	0	0	0	0	0	0	0	0	0	0	0	0	0	0	0	0	0	1	1	0	0	0	1	0	2	2	2	1	0	0	0	4	4	1	5	1	3	0	4	3	4	4	7	6	5	10	14	3	9	12	5	12	15	14	13	19	9	11	15	18	23	17	24	17	15	16	18	21	21	19	13	12	9	16	11	19	15	27	19	26	19	21	33	28	30	29	22	19	11	12	14	13	20	14	13	9	15	15	12	14	11	6	3	1	1	1	4	1	4	4	0	1	0	0	0	0	0	0	0	0	0	0	0	1	1	1	1	1	0	0	0	0	0	0	0	0	0	0	0	0	0	0
0	0	0	0	0	0	0	0	0	0	0	0	0	0	0	0	0	0	0	0	0	0	0	0	0	0	0	0	2	0	1	1	0	0	2	0	2	0	0	0	1	3	3	3	1	3	2	5	5	1	6	7	5	2	8	9	8	8	4	6	12	7	8	11	7	10	11	17	9	21	17	18	18	13	12	12	14	17	13	15	4	12	12	8	21	17	21	13	18	16	22	17	27	19	26	13	13	16	12	16	15	21	11	6	6	8	6	9	5	5	4	3	3	2	4	2	3	1	0	1	0	0	1	0	0	0	0	0	0	0	1	0	1	1	1	0	0	0	0	0	0	0	0	0	0	0	0	0	0	0
0	0	0	0	0	0	0	0	0	0	0	0	0	0	0	0	0	0	0	0	0	0	0	0	0	0	0	0	0	0	0	0	1	0	0	0	1	0	1	4	1	3	4	4	4	4	5	3	1	5	5	7	10	6	9	7	8	9	4	13	6	10	14	6	21	12	9	12	15	22	20	20	32	20	8	18	21	14	19	21	11	17	10	20	27	16	25	17	19	27	33	16	19	21	25	24	21	24	14	18	15	19	26	12	4	14	18	11	6	6	6	1	5	1	4	7	1	0	0	0	0	1	0	0	0	0	0	0	0	0	0	3	1	1	0	0	0	0	0	0	0	0	0	0	0	0	0	0	0	0
0	0	0	0	0	0	0	0	0	0	0	0	0	0	0	0	0	0	0	0	0	0	0	0	0	0	0	0	0	1	0	1	0	2	1	0	1	0	0	1	1	2	2	2	3	2	3	1	8	2	6	4	6	6	8	8	4	2	4	5	9	7	8	8	13	13	5	9	11	21	14	12	22	14	11	23	15	16	12	15	14	6	7	13	15	14	23	24	21	11	24	19	13	18	23	20	21	13	22	11	11	14	14	8	13	6	8	16	2	9	4	3	2	0	2	1	5	2	0	2	0	1	0	0	0	0	0	0	0	0	2	0	1	1	0	0	0	0	0	0	0	0	0	0	0	0	0	0	0	0
0	0	0	0	0	0	0	0	0	0	0	0	0	0	0	0	0	0	0	0	0	0	0	0	0	0	0	0	0	0	1	0	1	2	0	1	2	1	2	1	2	2	2	2	1	1	2	0	3	4	4	2	5	5	11	8	7	5	5	9	5	9	16	6	5	11	10	9	15	17	15	19	11	10	16	23	13	17	14	18	14	7	11	12	8	12	20	16	15	18	29	27	21	16	25	17	14	18	18	14	9	13	15	17	8	7	10	9	7	4	2	1	2	3	3	4	2	2	0	0	0	0	0	0	0	1	0	0	0	0	1	0	0	0	1	1	0	0	0	0	0	0	0	0	0	0	0	0	0	0
0	0	0	0	0	0	0	0	0	0	0	0	0	0	0	0	0	0	0	0	0	0	0	0	0	0	1	1	2	1	1	2	1	0	1	1	1	0	0	0	1	0	5	6	3	4	4	1	3	3	1	8	10	8	9	8	5	5	5	5	10	12	12	17	11	9	8	14	18	26	17	27	17	17	12	22	22	18	18	16	14	13	17	12	14	10	13	19	30	30	31	15	36	24	28	30	19	19	17	15	20	16	22	18	9	15	12	7	8	4	4	4	5	1	4	3	5	2	2	1	0	0	0	0	0	0	0	2	3	0	0	0	0	0	0	0	0	0	0	0	0	0	0	0	0	0	0	0	0	0
0	0	0	0	0	0	0	0	0	0	0	0	0	0	0	0	0	0	0	0	0	0	0	0	0	0	0	0	0	0	0	0	1	0	1	1	0	0	0	3	7	2	5	0	4	4	1	1	0	1	3	2	6	9	5	5	3	7	6	11	7	10	11	10	6	5	8	11	12	12	16	13	15	14	13	13	15	20	20	17	16	13	11	15	13	10	17	9	22	10	19	23	24	16	28	20	17	27	11	21	16	10	13	12	9	7	8	11	8	1	1	4	4	0	4	6	4	3	0	0	0	0	0	0	0	0	1	1	2	0	0	0	0	0	0	0	0	0	0	0	0	0	0	0	0	0	0	0	0	0
0	0	0	0	0	0	0	0	0	0	0	0	0	0	0	0	0	0	0	0	0	0	0	0	0	0	0	0	0	0	0	0	0	0	1	2	2	2	0	1	7	2	3	0	3	6	0	3	0	1	1	2	6	4	12	6	7	9	5	8	10	15	12	8	11	8	13	10	19	19	16	24	22	25	22	17	25	10	25	11	15	14	22	8	12	22	19	25	15	20	31	25	21	23	21	25	33	20	25	18	18	19	13	15	21	18	9	9	11	9	1	2	3	2	3	9	3	3	0	0	1	0	0	0	0	0	0	0	0	0	0	0	0	4	1	0	0	0	0	0	0	0	0	0	0	0	0	0	0	0
0	0	0	0	0	0	0	0	0	0	0	0	0	0	0	0	0	0	0	0	0	0	0	0	0	0	0	0	0	0	0	0	1	1	2	0	1	1	1	2	2	1	3	1	3	5	1	3	2	2	3	1	4	5	7	4	2	7	3	4	4	8	8	7	13	16	17	5	9	7	10	11	11	12	24	19	12	25	17	15	13	15	9	13	19	10	12	15	14	25	14	25	15	16	22	24	22	20	30	19	21	14	7	12	10	3	4	12	11	6	3	3	2	2	3	4	2	3	3	0	0	0	0	0	0	0	0	0	0	0	0	0	0	0	1	0	1	1	0	0	1	0	0	0	0	0	0	0	0	0
0	0	0	0	0	0	0	0	0	0	0	0	0	0	0	0	0	0	0	0	0	0	0	0	0	0	0	0	0	0	0	0	0	0	3	2	0	0	0	0	4	6	0	3	4	4	1	2	1	3	2	4	8	7	7	8	5	11	4	2	9	7	9	13	10	16	14	12	25	17	13	22	21	18	13	14	27	19	16	20	12	15	17	13	15	22	14	18	23	20	32	26	21	29	24	26	23	32	25	22	17	19	20	12	17	15	9	7	9	9	2	1	2	4	1	7	7	1	1	1	0	2	0	1	0	0	0	0	0	0	0	0	0	3	0	0	1	1	0	0	0	0	0	0	0	0	0	0	0	0
0	0	0	0	0	0	0	0	0	0	0	0	0	0	0	0	0	0	0	0	0	0	0	0	0	0	0	0	1	1	1	0	1	0	1	0	0	0	0	0	0	1	4	3	1	2	5	5	1	1	2	5	6	2	8	7	5	6	8	2	4	5	6	8	10	13	8	11	10	12	16	10	12	15	16	17	12	9	17	28	18	15	9	12	18	19	12	11	23	24	19	23	22	18	17	17	14	20	30	13	17	6	15	15	14	1	6	6	11	7	4	1	1	0	6	3	4	2	4	2	0	0	0	0	0	0	1	0	0	0	0	0	0	3	1	0	0	0	0	0	0	0	0	0	0	0	0	0	0	0
0	0	0	0	0	0	0	0	0	0	0	0	0	0	0	0	0	0	0	0	0	0	0	0	0	0	0	0	0	0	0	0	1	0	0	0	0	1	0	4	1	0	4	2	4	1	4	4	6	2	1	5	10	7	9	6	5	8	8	4	10	5	6	8	7	14	10	14	16	12	17	21	18	19	19	18	22	16	22	15	19	21	14	26	14	22	15	20	27	27	25	25	22	22	17	29	15	26	24	13	15	27	20	20	24	6	15	10	6	9	10	5	0	2	2	5	4	4	0	1	3	1	0	0	0	1	0	0	0	0	0	0	0	1	1	1	1	1	0	0	0	0	0	0	0	0	0	0	0	0
0	0	0	0	0	0	0	0	0	0	0	0	0	0	0	0	0	0	0	0	0	0	0	0	0	0	0	0	0	0	0	0	1	0	2	1	1	0	2	0	1	0	0	1	1	4	3	2	4	6	2	1	9	4	7	7	6	4	8	3	9	5	4	6	5	10	10	5	11	13	11	15	10	19	24	13	16	18	17	13	19	16	15	17	12	12	12	21	13	20	20	16	20	14	13	18	15	15	17	22	19	16	20	20	10	9	8	8	6	5	3	8	4	2	4	7	5	0	1	1	2	0	0	0	0	0	0	0	0	0	0	0	0	0	0	0	3	0	1	0	0	0	0	0	0	0	0	0	0	0
0	0	0	0	0	0	0	0	0	0	0	0	0	0	0	0	0	0	1	0	0	0	0	0	0	0	0	0	0	1	0	0	2	0	1	0	1	0	2	1	0	1	1	3	4	1	0	5	2	4	6	4	5	9	3	14	11	8	9	3	7	7	7	8	4	4	10	10	14	15	14	21	18	22	24	25	14	24	12	24	11	15	19	15	31	12	18	21	19	18	31	31	17	25	19	15	20	30	27	19	25	22	19	19	18	16	11	12	6	11	14	4	7	1	2	6	7	3	2	1	0	0	0	0	0	0	0	0	0	0	0	0	0	0	0	0	0	0	0	0	0	0	0	0	0	0	0	0	0	0
0	0	0	0	0	0	0	0	0	0	0	0	0	0	0	0	0	0	0	0	0	0	0	0	0	0	0	0	1	0	1	1	0	0	0	1	3	1	1	1	1	1	0	2	0	3	3	0	1	1	3	4	6	6	7	11	5	4	4	4	6	5	8	7	2	8	8	6	10	9	15	11	10	12	17	17	24	22	8	19	11	13	22	12	18	12	12	19	13	21	18	19	15	27	21	14	18	25	21	14	14	10	21	17	17	11	8	5	8	8	7	2	5	5	5	3	5	1	3	0	2	0	0	0	0	0	0	0	0	0	0	0	0	0	0	0	0	0	0	0	0	0	0	0	0	0	0	0	0	0
0	0	0	0	0	0	0	0	0	0	0	0	0	0	0	0	0	0	0	0	0	0	0	0	0	0	0	0	0	0	0	0	0	0	1	1	0	0	0	0	0	4	0	0	3	3	5	2	0	2	2	1	5	3	7	6	5	5	7	7	14	9	5	6	5	8	11	5	8	11	9	11	13	12	20	19	11	20	20	16	12	15	12	15	17	22	15	11	16	19	11	20	16	25	20	23	15	19	20	17	25	18	18	14	8	8	9	10	10	7	8	5	1	1	6	1	4	7	0	0	1	0	0	0	0	0	0	0	0	0	0	0	0	0	0	0	0	0	0	0	0	0	0	0	0	0	0	0	0	0
0	0	0	0	0	0	0	0	0	0	0	0	0	0	0	0	0	0	0	0	0	0	0	0	0	0	0	0	0	0	1	2	1	0	1	1	0	0	1	1	1	2	0	0	1	2	3	3	5	4	3	3	3	8	9	10	7	8	5	6	10	5	9	5	7	4	12	7	11	14	14	19	17	17	11	10	24	29	27	27	12	17	16	12	36	20	23	21	18	18	20	25	29	30	19	19	22	20	21	33	25	16	20	10	15	14	24	23	11	8	8	4	1	2	2	1	10	4	4	2	0	0	0	0	0	0	0	0	0	0	0	0	0	0	0	0	0	0	0	0	0	0	0	0	0	0	0	0	0	0
0	0	0	0	0	0	0	0	0	0	0	0	0	0	0	0	0	0	0	0	0	0	0	0	0	0	0	0	0	1	1	2	2	0	1	0	1	0	1	2	1	1	1	0	0	0	2	1	5	7	1	0	3	5	5	2	4	2	10	6	10	3	11	6	4	8	9	10	8	8	9	17	8	7	13	12	16	20	22	17	10	10	14	15	19	15	15	27	23	14	18	22	16	24	17	16	13	25	28	18	19	13	13	12	10	17	11	8	8	6	8	8	2	1	0	3	7	5	3	2	0	0	0	0	0	1	0	0	0	0	0	0	1	0	1	1	0	0	0	0	0	0	0	0	0	0	0	0	0	0
0	0	0	0	0	0	0	0	0	0	0	0	0	0	0	0	0	0	0	0	0	0	0	0	0	0	0	0	0	0	0	0	1	0	0	0	0	1	1	1	3	0	2	1	0	1	2	2	4	1	2	4	6	5	6	5	3	9	14	7	9	8	4	4	8	8	11	9	15	12	18	13	16	19	21	10	18	23	20	18	11	21	21	20	24	21	25	27	22	18	22	24	24	20	14	26	25	17	26	34	25	27	12	21	18	13	13	11	17	12	3	13	5	4	3	3	7	4	2	1	2	0	0	0	0	0	0	0	0	0	1	0	0	0	0	0	0	0	0	0	0	0	0	0	0	0	0	0	0	0
0	0	0	0	0	0	0	0	0	0	0	0	0	0	0	0	0	0	0	0	0	0	0	0	0	0	0	0	0	0	0	0	1	1	0	0	0	1	0	1	0	1	1	1	4	1	0	2	2	3	5	5	6	2	1	6	4	5	8	3	8	9	6	5	6	8	6	9	8	12	11	10	13	12	9	5	12	12	17	12	16	12	13	15	17	16	17	19	21	22	20	21	23	13	18	17	21	20	26	22	19	23	18	14	11	19	6	6	11	12	6	5	6	2	4	2	7	3	3	1	0	0	0	1	0	0	0	0	0	0	0	0	0	0	0	0	0	0	0	0	0	0	0	0	0	0	0	0	0	0
0	0	0	0	0	0	0	0	0	0	0	0	0	0	0	0	0	0	0	0	0	0	0	0	0	0	0	0	0	0	0	0	0	1	0	1	0	1	2	2	0	1	1	1	4	4	2	2	3	6	3	3	4	3	3	3	6	5	11	8	11	5	7	10	6	3	16	5	11	13	11	16	18	16	18	19	11	18	11	17	11	22	23	17	22	21	19	28	27	26	23	26	21	18	22	22	24	25	23	23	34	21	11	12	26	22	21	21	11	7	9	9	9	2	3	3	8	3	5	1	0	1	0	0	0	1	0	0	0	0	0	0	0	0	0	0	0	0	0	0	0	0	0	0	0	0	0	0	0	0
0	0	0	0	0	0	0	0	0	0	0	0	0	0	0	0	0	0	0	0	0	0	0	0	0	0	0	0	0	0	0	0	0	2	2	3	0	0	2	0	1	1	1	1	0	2	3	3	2	3	2	1	1	3	3	4	2	4	6	5	5	9	7	8	7	6	5	5	9	11	5	8	18	13	7	13	14	18	16	20	14	9	19	21	23	17	20	10	15	16	14	18	18	20	23	18	16	10	23	18	25	15	16	17	18	18	15	13	7	13	11	3	11	2	1	0	1	3	5	4	1	1	1	0	0	0	0	0	0	0	0	0	0	0	0	0	0	0	0	0	0	0	0	0	0	0	0	0	0	0
0	0	0	0	0	0	0	0	0	0	0	0	0	0	0	0	0	0	0	0	0	0	0	0	0	0	0	0	0	0	0	0	0	1	0	0	1	4	0	0	1	0	0	1	0	0	1	2	4	4	0	5	2	0	2	6	2	2	6	9	8	12	6	5	10	11	9	4	5	7	8	2	10	13	11	14	12	11	17	21	16	12	15	20	16	19	20	16	17	13	11	20	20	22	18	25	27	16	14	21	14	15	25	17	19	12	13	8	11	12	6	8	6	4	7	4	1	8	4	2	0	0	0	0	0	0	0	0	0	0	0	0	0	0	0	0	0	0	0	0	0	0	0	0	0	0	0	0	0	0
0	0	0	0	0	0	0	0	0	0	0	0	0	0	0	0	0	0	0	0	0	0	0	0	0	0	0	0	0	0	0	1	1	3	1	4	0	1	0	0	1	1	0	2	1	2	1	4	1	3	0	2	1	2	5	2	5	8	7	10	9	8	14	6	8	12	6	11	9	14	7	16	15	11	12	6	16	19	17	26	22	19	14	22	29	17	24	28	24	17	21	19	27	20	20	20	26	21	24	23	31	31	17	18	17	22	16	10	8	4	12	13	7	12	6	6	3	9	7	3	2	2	1	0	0	0	0	0	0	0	0	0	0	0	0	0	0	0	0	0	0	0	0	0	0	0	0	0	0	0
0	0	0	0	0	0	0	0	0	0	0	0	0	0	0	0	0	0	0	0	0	0	0	0	0	1	0	1	0	0	0	0	0	0	0	0	0	2	3	2	0	1	0	0	2	2	0	2	2	0	0	2	1	2	4	2	7	1	7	6	10	7	5	8	6	11	5	9	10	7	7	4	8	11	12	5	17	23	14	15	20	12	11	21	18	10	11	20	16	18	23	19	21	19	21	24	20	15	25	19	32	13	16	16	10	8	12	10	5	6	6	7	9	5	9	8	5	4	5	6	1	1	0	0	0	0	1	0	0	0	0	0	0	0	0	0	0	0	0	0	0	0	0	0	0	0	0	0	0	0
0	0	0	0	0	0	0	0	0	1	0	0	1	0	0	0	0	0	0	0	0	2	0	1	1	0	0	0	0	2	2	0	1	0	0	1	3	2	0	0	0	0	0	1	1	2	1	1	1	3	1	0	6	3	5	3	9	7	6	10	9	12	8	2	8	6	11	9	6	10	14	15	16	14	21	13	15	18	21	23	17	21	18	17	21	13	17	19	18	21	18	28	20	18	20	28	20	30	25	30	27	29	24	21	18	12	12	13	10	11	8	8	10	12	3	10	13	5	4	4	1	2	0	0	0	0	0	0	0	0	0	0	0	0	0	0	0	0	0	0	0	0	0	0	0	0	0	0	0	0
0	0	0	0	0	0	0	0	0	0	0	0	0	0	0	0	0	0	0	0	0	0	0	0	1	0	0	1	0	0	0	1	1	0	0	1	1	0	1	2	0	0	0	0	0	1	0	3	2	3	1	2	1	2	6	4	4	3	8	3	6	5	7	10	7	11	1	5	10	15	11	6	15	9	11	13	17	11	20	16	18	14	10	15	18	11	17	12	17	28	15	17	15	13	23	14	24	17	23	19	16	22	21	17	10	21	15	12	6	4	8	9	6	4	9	5	4	4	3	6	2	2	0	0	0	0	0	0	0	0	0	0	0	0	0	0	0	0	0	0	0	0	0	0	0	0	0	0	0	0
0	0	0	0	0	0	0	0	0	0	0	0	0	0	0	0	0	0	0	0	0	0	0	0	0	1	0	1	0	0	0	1	0	0	1	1	2	0	1	1	1	0	1	1	1	0	1	3	2	2	4	1	1	2	7	3	4	7	8	10	8	5	7	5	5	14	13	7	15	11	15	10	13	15	9	8	16	19	24	16	13	24	14	18	17	23	19	23	28	19	20	19	22	25	17	17	25	32	39	28	26	28	22	17	27	17	19	8	7	13	8	7	6	12	9	5	8	7	9	0	1	3	0	0	0	0	0	0	0	0	0	0	0	0	0	0	0	0	0	0	0	0	0	0	0	0	0	0	0	0
0	0	0	0	0	0	0	0	0	0	0	0	0	0	0	0	0	0	0	0	0	0	0	0	0	0	0	0	0	0	0	1	0	2	0	2	1	2	0	0	1	0	2	0	0	0	1	0	0	2	2	3	2	1	1	3	5	6	3	7	4	6	9	9	6	11	7	3	4	2	5	10	16	8	9	5	16	15	9	22	22	19	14	12	11	15	12	14	24	15	21	11	15	16	17	22	25	30	29	14	18	23	12	30	17	14	20	12	9	8	8	9	8	10	3	3	6	2	2	4	2	1	2	0	0	0	0	0	0	0	0	0	0	0	0	0	0	0	0	0	0	0	0	0	0	0	0	0	0	0
0	0	0	0	0	0	0	0	0	0	0	0	0	0	0	0	0	0	0	0	0	0	0	0	0	0	0	1	1	0	0	0	1	0	1	1	1	3	0	2	0	0	0	0	0	0	1	1	2	3	2	3	2	1	2	3	3	3	9	7	8	10	3	4	4	10	7	10	8	10	11	15	14	10	7	13	22	16	27	20	9	17	17	18	19	16	17	29	26	19	21	19	13	17	18	20	25	29	43	39	36	32	22	22	23	12	20	17	15	13	5	7	14	7	8	6	5	7	6	5	5	1	2	0	0	0	0	0	0	0	0	0	0	0	0	0	0	0	0	0	0	0	0	0	0	0	0	0	0	0
0	0	0	0	0	0	0	0	0	0	0	0	0	0	0	0	0	0	0	0	0	0	0	0	0	0	0	0	2	1	0	0	1	1	0	0	0	0	0	0	0	0	0	1	0	0	0	1	4	3	2	2	1	2	3	2	3	4	1	6	4	8	5	7	3	8	9	3	4	10	5	14	9	13	7	7	18	13	14	17	20	13	10	13	18	13	19	9	16	14	20	18	12	17	22	13	22	16	21	31	29	20	16	14	12	19	18	10	18	5	4	10	14	9	9	14	5	7	4	1	5	0	0	3	0	0	1	1	1	0	0	0	0	0	0	0	0	0	0	0	0	0	0	0	0	0	0	0	0	0
0	0	0	0	0	0	0	0	0	0	0	0	0	0	0	0	0	0	0	0	0	0	0	0	0	0	0	0	2	1	0	0	0	0	0	0	0	0	0	1	1	0	0	0	0	0	0	1	2	2	1	0	1	2	1	2	3	4	7	7	12	7	6	9	13	6	17	6	9	4	4	10	14	15	7	14	13	12	24	17	12	16	32	19	16	19	23	11	20	29	29	13	19	18	24	24	31	30	38	27	25	16	34	19	15	17	22	14	16	9	20	7	16	18	10	9	9	2	7	3	1	2	1	1	0	0	1	0	1	1	1	0	0	0	0	0	0	0	0	0	0	0	0	0	0	0	0	0	0	0
0	0	0	0	0	0	0	0	0	0	0	0	0	0	0	0	0	0	0	0	0	0	0	0	0	0	0	0	0	0	0	0	0	0	0	0	0	0	0	2	0	0	2	0	1	0	2	1	2	2	2	1	0	2	1	3	2	2	6	5	4	6	6	6	7	5	8	3	9	7	10	12	10	6	5	10	10	16	22	18	7	5	14	19	17	11	26	16	18	13	22	14	19	17	12	16	24	16	33	25	17	16	26	15	18	12	23	10	8	9	15	7	12	14	4	11	6	6	3	3	2	3	1	2	0	0	0	0	0	0	0	1	0	0	0	0	0	0	0	0	0	0	0	0	0	0	0	0	0	0
0	0	0	0	0	0	0	0	0	0	0	0	0	0	0	0	0	0	0	0	0	0	0	0	0	0	0	0	0	0	0	0	0	0	0	0	0	0	0	1	1	1	0	0	0	0	2	1	1	2	3	1	0	0	2	3	1	7	9	8	9	6	3	6	2	6	6	10	11	4	4	14	6	7	6	12	13	16	14	15	14	20	18	16	16	10	15	6	15	14	16	21	14	14	13	16	14	18	23	32	21	19	28	12	20	23	11	11	14	16	10	8	11	11	7	5	7	10	6	1	4	3	1	0	0	0	1	0	1	1	0	0	0	1	0	0	0	0	0	0	0	0	0	0	0	0	0	0	0	0
0	0	0	0	0	0	0	0	0	0	0	0	0	0	0	0	0	0	0	0	0	0	0	0	0	0	0	0	0	0	1	1	0	0	0	1	0	1	1	0	0	2	2	0	1	1	0	1	0	4	2	0	0	1	3	6	3	4	9	5	7	5	6	7	6	5	8	9	9	9	14	12	14	5	14	13	18	17	13	16	16	17	19	19	21	16	19	24	21	18	24	21	20	11	11	16	26	27	33	48	29	30	22	20	23	17	18	17	18	18	11	8	14	14	9	9	11	10	8	3	5	2	0	0	2	2	1	0	1	0	0	0	0	0	0	0	0	0	0	0	0	0	0	0	0	0	0	0	0	0
0	0	0	0	0	0	0	0	0	0	0	0	0	0	0	0	0	0	0	0	0	0	0	0	0	0	0	0	0	0	0	0	1	0	0	1	1	0	0	0	0	0	2	0	0	3	1	1	0	2	3	1	1	2	2	3	3	4	7	4	5	12	6	6	5	3	3	1	7	7	10	12	6	4	10	13	7	22	14	18	13	22	12	20	10	9	14	11	9	21	23	19	9	18	11	20	15	15	27	21	22	31	19	15	13	22	20	13	12	10	9	7	8	13	8	10	7	4	10	6	6	1	1	1	2	0	1	0	0	0	0	0	0	0	0	0	0	0	0	0	0	0	0	0	0	0	0	0	0	0
0	0	0	0	0	0	0	0	0	0	0	0	0	0	0	0	0	0	0	0	0	0	0	0	0	0	0	0	0	0	0	0	0	0	0	2	1	1	2	0	1	0	0	2	2	0	0	3	1	5	2	0	5	6	4	2	7	3	5	5	13	10	14	4	3	9	6	4	4	5	7	12	6	5	7	17	23	17	20	26	13	15	15	18	14	15	24	23	24	21	24	35	18	11	21	22	18	29	17	36	34	27	35	20	28	12	10	20	20	11	5	6	5	10	10	12	10	6	9	11	5	5	3	0	2	1	0	1	1	0	1	0	0	1	0	0	0	0	0	0	0	0	0	0	0	0	0	0	0	0
0	0	0	0	0	0	0	0	0	0	0	0	0	0	0	0	0	0	0	0	0	0	0	0	0	0	0	0	0	0	0	0	0	0	0	0	1	1	1	0	0	0	0	1	1	1	2	3	0	1	5	2	2	3	6	0	1	4	6	6	6	10	7	6	2	3	6	2	4	6	8	10	3	6	13	17	9	13	15	20	19	16	9	12	14	9	11	18	16	17	25	29	19	15	11	14	15	23	29	30	24	25	14	15	17	19	10	12	21	7	8	7	2	9	7	10	3	4	5	7	4	4	2	1	0	2	0	0	0	0	0	0	0	0	0	0	0	0	0	0	0	0	0	0	0	0	0	0	0	0
0	0	0	0	0	0	0	0	0	0	0	0	0	0	0	0	0	0	0	0	0	0	0	0	0	0	0	0	0	0	0	0	0	0	0	1	1	0	2	1	0	0	2	1	0	3	0	0	1	3	8	1	6	7	2	6	8	5	3	9	10	6	6	8	2	5	7	5	7	5	2	10	9	7	4	8	23	15	24	13	19	29	16	15	21	19	21	15	22	20	31	23	24	18	23	25	17	25	31	36	31	24	19	18	19	28	14	11	15	12	6	11	4	14	3	17	9	6	7	8	8	6	4	3	3	4	1	1	1	0	0	0	0	0	0	0	0	0	0	0	0	0	0	0	0	0	0	0	0	0
0	0	0	0	0	0	0	0	0	0	0	0	0	0	0	0	0	0	0	0	0	0	0	0	0	0	0	0	0	0	0	0	0	0	0	1	1	1	0	1	2	1	1	1	1	0	0	3	5	4	2	1	1	2	2	3	2	4	5	11	9	8	5	7	7	2	7	5	5	1	6	4	7	6	8	8	11	20	8	15	20	11	15	13	14	16	16	14	22	15	12	19	15	20	23	24	13	16	23	23	22	27	14	9	17	21	12	12	20	6	6	8	4	8	6	7	10	4	8	7	8	3	3	3	3	4	2	2	0	0	0	0	0	0	0	0	0	0	0	0	0	0	0	0	0	0	0	0	0	0
0	0	0	0	0	0	0	0	0	0	0	0	0	0	0	0	0	0	0	0	0	0	0	0	0	0	0	0	0	0	0	0	0	0	0	0	1	0	0	0	2	1	0	1	1	5	3	7	3	1	0	1	5	5	2	4	4	7	3	8	8	10	8	7	7	8	6	4	2	5	8	8	4	4	12	16	13	16	16	19	21	20	19	22	11	10	20	22	23	16	21	35	29	24	20	21	14	25	30	22	30	28	25	14	16	25	16	18	18	21	12	9	9	8	8	14	10	10	5	6	8	4	2	2	4	2	4	4	2	0	0	0	0	0	0	0	0	0	0	0	0	0	0	0	0	0	0	0	0	0
