0	0	0	0	0	0	0	0	0	0	0	0	0	0	0	0	0	0	0	0	0	0	0	0	0	0	0	0	0	0	0	0	0	0	0	0	0	0	0	0	0	0	4	0	1	0	4	1	5	4	11	5	11	16	10	13	26	13	14	11	20	13	14	21	25	31	19	21	25	21	24	36	25	19	29	24	42	35	31	39	51	44	47	34	49	37	31	52	44	22	44	45	58	47	51	52	42	36	35	26	38	27	22	15	19	32	29	24	35	17	13	33	12	27	15	2	14	10	18	6	3	0	4	5	4	2	0	3	0	0	0	0	1	1	0	0	1	0	0	0	0	0	0	0	0	0	0	0	0	0
0	0	0	0	0	0	0	0	0	0	0	0	0	0	0	0	0	0	0	0	0	0	1	0	0	0	0	0	0	0	0	0	0	1	0	0	0	1	0	1	3	2	2	0	0	4	5	3	4	5	4	4	8	7	17	13	13	16	16	13	23	18	21	19	18	25	12	14	16	15	24	21	20	18	16	34	21	43	42	36	36	45	43	51	31	52	37	35	27	41	44	39	35	52	53	48	43	40	32	30	19	25	15	14	13	20	23	23	26	15	17	17	23	20	14	11	13	12	7	3	0	4	1	3	2	2	0	0	0	1	2	0	2	1	1	3	0	0	0	0	0	0	0	0	0	0	0	0	0	0
0	0	0	0	0	0	0	0	0	0	0	1	0	0	0	0	0	0	0	0	0	0	0	0	0	0	0	0	0	0	1	0	0	0	0	0	1	0	2	1	1	1	3	1	0	1	2	1	3	4	7	8	6	16	12	8	15	20	15	17	21	16	29	28	13	14	19	13	19	18	22	25	15	23	31	24	43	16	26	54	32	39	51	44	40	32	39	41	37	26	63	33	50	49	42	41	39	36	33	23	14	31	24	19	10	27	28	27	22	23	21	12	12	20	16	9	12	8	6	5	2	5	3	4	2	1	2	0	2	1	0	0	0	0	0	0	0	0	0	0	0	0	0	0	0	0	0	0	0	0
0	0	0	0	0	0	0	0	0	0	0	0	0	0	0	0	0	0	0	0	1	0	0	0	0	0	0	0	1	0	0	1	0	0	1	1	3	1	1	0	0	0	1	2	4	2	6	3	7	3	7	6	7	9	14	18	9	23	25	16	21	23	19	17	16	18	17	10	16	26	21	33	36	27	22	25	31	38	38	42	36	37	43	41	39	33	31	43	49	38	36	45	47	48	25	37	42	34	28	30	20	27	20	24	24	21	22	25	26	17	12	16	10	17	15	11	11	12	6	4	3	2	5	1	2	3	0	1	1	1	0	0	0	0	0	2	1	1	1	0	0	0	0	0	0	0	0	0	0	0
1	0	0	0	0	0	0	0	0	0	0	0	0	0	0	0	0	0	0	0	0	1	0	0	0	0	0	0	0	0	0	0	1	0	0	1	0	0	1	2	0	1	1	0	1	1	2	0	10	7	6	9	10	6	10	16	13	17	25	25	18	20	24	17	21	18	20	26	16	16	23	25	35	24	23	24	37	47	34	49	34	34	38	37	30	34	35	43	39	48	36	41	54	56	49	32	39	33	23	29	20	16	27	25	31	29	23	15	17	20	18	11	14	14	15	13	6	8	6	1	11	2	0	0	2	0	0	0	0	2	5	0	0	0	0	0	0	1	2	1	0	0	0	0	0	0	0	0	0	0
0	0	0	0	0	0	0	0	0	0	0	0	0	0	0	0	0	0	0	1	0	0	0	0	0	0	1	1	0	0	0	0	1	0	1	0	0	0	0	1	1	0	2	2	2	3	1	5	3	6	6	6	10	5	8	5	18	14	16	13	23	14	23	19	24	17	13	15	16	19	16	25	28	30	33	35	28	38	31	34	31	25	34	33	32	29	39	34	24	44	50	37	45	42	34	32	49	26	18	25	24	24	26	17	16	17	21	29	22	18	12	9	6	17	10	5	10	6	2	6	3	4	1	0	1	0	0	1	0	0	1	1	1	1	1	1	0	0	1	1	0	0	0	0	0	0	0	0	0	0
0	0	0	0	0	0	0	0	0	1	1	0	0	0	0	0	0	0	0	1	0	0	1	0	0	0	0	0	1	0	0	0	1	0	0	0	0	0	2	0	1	1	6	2	4	3	2	3	8	3	5	11	10	15	18	12	7	16	21	20	27	29	30	17	23	18	22	19	19	16	29	39	29	30	27	38	36	35	45	57	48	40	36	48	42	37	42	47	40	47	41	51	41	56	49	49	40	46	34	29	30	33	18	25	26	21	19	33	21	21	15	11	16	19	12	14	8	9	4	7	6	0	0	1	0	1	0	1	0	1	2	3	2	3	2	1	0	0	0	0	0	0	0	0	0	0	0	0	0	0
0	0	0	0	0	0	0	0	0	0	0	0	0	0	0	0	0	0	0	0	0	0	0	0	0	0	0	0	0	0	0	1	1	0	0	1	0	0	0	2	1	0	2	2	3	2	5	3	3	5	6	7	10	11	8	9	15	15	16	12	12	16	21	21	22	19	19	18	23	29	9	22	29	21	15	28	32	33	42	45	30	42	30	24	32	38	38	38	39	37	34	43	39	40	39	27	41	28	33	19	16	21	22	20	27	20	23	26	12	16	7	14	6	9	12	8	3	8	7	8	4	0	0	0	2	0	0	1	2	1	2	2	1	0	2	1	0	0	0	0	0	0	0	0	0	0	0	0	0	0
0	0	0	0	0	0	0	0	0	0	0	0	1	0	0	0	0	0	0	0	0	0	0	0	0	0	0	0	1	1	0	1	1	0	1	0	0	2	1	0	1	3	1	2	3	0	3	6	2	6	4	10	12	16	8	14	11	19	23	25	17	24	20	24	23	17	16	22	25	26	24	23	19	31	33	31	23	35	30	45	43	53	29	34	25	47	33	50	32	43	45	52	32	45	42	46	33	29	27	29	19	24	27	27	27	38	26	26	17	14	18	12	13	22	10	7	7	1	8	8	4	1	2	0	0	0	0	3	4	1	2	1	1	1	0	0	0	0	0	0	0	0	0	0	0	0	0	0	0	0
0	0	0	0	0	0	0	0	0	0	0	0	0	0	0	0	1	1	1	1	0	0	0	0	0	0	0	0	0	1	2	1	0	0	2	1	1	2	0	1	1	2	1	3	0	2	2	1	5	4	7	8	8	16	21	14	11	18	23	10	21	26	20	14	24	24	27	23	16	26	20	17	22	28	25	36	54	37	37	24	47	43	31	36	45	33	28	28	40	33	45	50	36	54	34	50	38	35	35	22	21	30	23	22	33	29	24	24	22	23	14	13	14	13	11	4	4	3	3	8	4	3	0	1	1	2	2	1	2	1	4	0	1	0	0	0	0	0	0	0	0	0	0	0	0	0	0	0	0	0
0	0	0	0	0	0	0	0	0	0	0	0	0	3	1	1	0	1	0	0	1	1	0	0	1	1	0	2	0	0	0	2	0	0	0	0	0	0	1	0	1	0	0	2	6	2	1	6	4	6	4	7	6	14	15	17	16	12	19	21	23	25	24	21	23	20	9	13	21	17	22	23	24	22	42	40	46	32	43	36	38	49	38	37	39	40	36	45	35	38	44	50	35	37	38	37	26	34	28	28	17	21	28	26	39	30	20	17	21	23	14	14	21	12	8	8	8	1	9	4	3	1	0	1	2	1	3	3	3	2	0	1	0	0	0	0	0	0	0	0	0	0	0	0	0	0	0	0	0	0
0	0	0	0	0	0	0	0	0	0	0	0	0	2	2	1	0	0	0	0	1	0	0	1	0	0	1	0	0	0	0	0	0	0	0	1	0	0	0	0	2	2	0	5	3	2	4	3	11	4	9	8	13	11	15	12	22	12	18	25	13	23	23	26	26	27	10	13	23	16	24	23	32	26	22	31	39	42	35	44	41	37	34	34	31	48	54	39	36	41	43	35	43	34	43	46	25	28	34	29	20	29	24	29	25	28	33	26	13	17	14	15	11	8	15	6	2	3	5	7	4	0	3	0	0	1	2	2	1	0	0	0	0	0	0	0	0	0	0	0	0	0	0	0	0	0	0	0	0	0
0	0	0	0	0	0	0	0	0	0	0	0	0	2	3	1	0	0	0	0	1	0	1	0	0	0	0	0	1	0	0	0	0	0	0	1	0	1	0	4	2	3	1	0	2	1	3	5	5	7	12	7	10	12	13	11	16	9	16	13	23	25	23	22	27	23	31	19	24	20	22	25	21	28	34	30	47	40	47	28	32	31	44	33	42	51	35	38	45	27	51	40	29	33	45	46	44	41	30	23	25	31	22	26	25	31	29	24	17	9	13	7	15	10	15	11	4	6	2	3	0	3	2	0	1	2	3	2	1	0	0	0	0	0	0	0	0	0	0	0	0	0	0	0	0	0	0	0	0	0
0	0	0	0	0	0	1	0	0	0	0	0	0	0	0	1	4	0	0	1	0	0	0	1	0	1	0	0	0	0	0	0	0	0	0	0	0	0	1	1	3	1	1	1	4	5	0	5	6	6	9	12	11	9	14	21	10	13	16	18	30	22	37	33	24	22	24	19	24	21	17	27	30	26	36	32	35	26	31	38	37	49	31	32	36	35	40	35	34	46	40	33	44	46	37	41	38	26	25	22	24	28	22	31	29	27	43	19	16	12	13	16	20	7	9	4	6	1	5	4	4	1	1	0	1	0	2	0	0	0	0	0	0	0	0	0	0	0	0	0	0	0	0	0	0	0	0	0	0	0
0	0	0	0	0	0	0	0	0	0	0	0	0	0	0	0	0	1	1	2	0	0	0	0	0	0	0	0	0	0	0	1	0	0	1	1	0	2	0	0	2	1	0	4	0	3	2	4	5	5	7	10	11	6	8	11	10	18	10	21	11	19	22	17	23	33	20	21	19	18	21	22	34	23	28	42	38	29	31	40	24	37	26	37	38	44	35	30	47	33	37	32	25	35	50	35	27	28	31	14	15	16	30	30	23	21	30	19	15	8	11	11	11	4	4	14	7	2	3	1	3	2	1	2	0	0	1	0	0	0	0	0	0	0	0	0	0	0	0	0	0	0	0	0	0	0	0	0	0	0
0	0	0	0	0	0	0	0	0	0	0	0	0	0	0	0	0	1	0	2	1	0	1	0	1	0	0	0	0	0	0	0	0	1	0	2	0	0	1	3	2	3	4	5	2	2	6	6	8	8	13	13	12	14	8	12	15	13	14	27	24	18	26	20	24	29	28	16	26	28	25	37	34	38	48	38	47	39	48	39	60	39	42	45	37	43	40	37	48	48	34	43	38	52	49	50	25	34	28	29	27	17	34	44	39	22	38	20	6	14	16	10	11	8	11	9	10	2	5	1	3	3	4	0	2	0	0	0	0	0	0	0	0	0	0	0	0	0	0	0	0	0	0	0	0	0	0	0	0	0
0	0	0	0	0	0	0	0	0	0	0	0	0	0	0	0	0	0	0	0	0	0	0	1	0	1	1	1	0	0	0	0	1	0	2	1	0	2	0	1	5	2	2	2	3	0	4	2	8	4	3	11	13	11	11	8	17	14	19	14	17	10	23	22	16	27	23	18	20	21	28	21	33	36	34	34	25	32	29	40	37	36	25	34	33	30	30	36	40	40	36	41	33	37	39	46	26	24	22	22	18	18	20	23	31	22	28	15	12	7	13	8	6	7	11	11	2	2	2	0	1	2	2	3	0	1	0	0	1	0	1	0	0	0	0	0	0	0	0	0	0	0	0	0	0	0	0	0	0	0
0	0	0	0	0	0	0	0	0	0	0	0	0	0	0	0	0	0	0	0	0	0	0	1	0	1	0	3	0	0	0	0	0	0	0	0	1	1	2	2	3	4	3	0	3	4	8	5	7	8	9	8	11	3	14	11	16	20	22	18	14	19	15	16	22	17	29	25	34	30	24	29	45	38	38	33	46	39	36	35	31	44	30	51	30	45	37	50	44	51	39	36	37	39	31	37	34	37	23	21	19	17	26	26	45	19	21	20	13	5	15	10	10	7	13	6	3	6	2	1	4	2	2	1	0	0	0	0	0	0	0	0	4	0	0	0	0	0	0	0	0	0	0	0	0	0	0	0	0	0
0	0	0	0	0	0	0	0	0	0	0	0	0	0	0	0	0	0	0	0	0	0	0	2	1	1	0	0	0	0	0	1	0	0	1	0	2	2	5	1	5	0	3	2	3	4	3	5	13	5	10	6	11	9	11	22	14	14	15	17	15	22	21	11	21	24	29	35	27	29	32	36	24	34	31	44	39	52	34	43	38	43	41	48	30	36	48	28	37	44	27	33	44	38	32	43	28	27	27	17	15	20	35	37	29	20	27	9	9	10	14	9	7	6	16	17	3	3	1	5	2	0	0	1	1	0	0	0	0	0	0	0	1	4	0	0	0	0	0	0	0	0	0	0	0	0	0	0	0	0
0	0	0	0	0	0	0	0	0	0	0	1	0	0	0	0	0	0	0	0	0	0	0	1	4	0	0	0	0	1	0	0	0	0	1	1	1	2	2	0	6	1	0	6	6	3	5	9	6	5	8	8	10	12	12	11	17	16	15	19	22	18	18	18	24	33	30	31	37	27	27	28	31	28	48	38	40	48	43	34	35	49	28	46	36	47	39	35	38	33	28	40	34	42	48	32	16	15	22	33	22	28	32	32	27	24	24	10	18	12	8	5	13	11	9	9	4	5	2	2	4	2	0	0	0	0	0	0	0	0	1	0	1	2	0	0	0	0	0	0	0	0	0	0	0	0	0	0	0	0
0	0	0	0	0	0	0	0	0	0	0	1	0	0	0	0	0	0	0	0	0	0	0	4	0	0	0	0	1	0	1	0	0	0	3	0	0	2	1	0	2	5	3	7	4	9	4	7	1	7	5	5	10	6	16	11	16	24	22	28	26	31	27	18	21	33	22	24	28	27	27	36	24	27	35	44	45	37	46	36	39	42	33	43	42	31	33	37	36	35	31	42	36	38	37	29	21	17	28	33	33	27	36	18	28	30	20	13	10	10	10	2	10	5	8	13	2	2	2	3	3	4	0	2	1	3	1	1	0	0	0	0	0	2	0	0	0	0	0	0	0	0	0	0	0	0	0	0	0	0
0	0	0	0	0	0	0	0	0	0	0	0	0	0	0	0	0	0	0	0	0	1	0	5	0	1	1	0	1	0	2	0	0	1	1	0	0	2	0	3	1	3	3	3	2	4	4	4	5	7	14	12	2	13	16	12	11	12	17	19	10	32	23	25	31	35	37	35	31	29	27	32	30	26	33	42	44	39	23	32	34	35	39	39	36	35	32	42	44	38	52	42	38	52	36	30	22	18	18	23	36	34	37	18	29	21	16	8	15	19	7	6	12	9	10	8	4	5	4	4	5	2	0	0	0	0	3	1	0	0	0	0	0	0	0	0	0	0	0	0	0	0	0	0	0	0	0	0	0	0
0	0	0	0	0	0	0	0	0	0	0	0	1	0	0	0	0	1	0	0	1	0	0	0	4	0	0	0	0	1	1	0	0	0	0	0	0	3	1	1	2	1	3	2	1	10	9	6	2	9	10	8	9	15	14	11	15	14	20	21	29	31	16	17	33	29	29	34	27	32	48	27	24	39	30	33	38	34	43	31	36	40	42	35	32	40	34	29	42	47	46	34	34	28	21	28	27	30	29	27	31	32	32	28	30	29	9	15	11	15	9	9	6	2	3	6	6	0	2	4	4	4	1	6	4	0	1	0	0	0	0	0	0	0	0	0	0	0	0	0	0	0	0	0	0	0	0	0	0	0
0	0	0	0	0	0	0	0	0	0	0	0	0	0	0	0	0	0	0	0	0	2	4	0	1	0	0	0	0	0	1	0	1	3	0	0	2	0	0	0	0	0	2	7	7	4	5	7	1	7	7	10	13	10	15	9	15	15	18	14	15	27	25	19	21	16	28	30	29	26	34	29	32	30	39	40	32	37	31	35	17	43	39	25	32	28	31	25	41	50	33	39	26	30	33	30	11	14	21	25	25	34	27	15	21	26	16	12	15	7	7	6	4	10	1	4	7	7	4	4	2	1	0	1	1	0	2	1	0	0	0	0	0	0	0	0	0	0	0	0	0	0	0	0	0	0	0	0	0	0
0	0	0	0	0	0	0	0	0	0	0	0	0	0	0	0	0	0	0	0	0	1	2	4	2	0	1	0	1	1	0	2	3	0	0	1	0	1	0	0	2	3	9	3	9	10	8	5	9	3	6	15	17	14	13	9	14	23	20	23	24	47	25	27	27	32	35	36	34	33	35	41	45	39	42	43	36	42	38	37	46	45	46	47	36	31	39	38	44	42	42	45	35	39	27	30	25	21	24	33	36	22	36	25	33	31	30	25	13	5	7	6	3	8	9	4	2	5	5	7	1	1	1	3	2	0	0	1	0	0	0	0	0	0	0	0	0	0	0	0	0	0	0	0	0	0	0	0	0	0
0	0	0	0	0	0	0	0	0	0	0	0	0	0	0	0	0	0	0	1	1	2	2	1	1	0	0	1	0	0	0	0	0	0	0	0	0	0	0	2	2	1	4	3	7	9	7	8	10	4	15	12	10	6	12	16	8	20	12	17	22	28	30	27	21	25	22	27	17	41	37	33	28	32	44	34	23	34	27	37	33	33	37	30	26	35	31	28	29	44	31	32	27	32	26	26	17	22	26	28	26	14	26	26	23	24	15	9	12	4	6	6	2	4	6	3	0	5	9	5	3	1	3	1	1	0	0	0	0	0	0	0	0	0	0	0	0	0	0	0	0	0	0	0	0	0	0	0	0	0
0	0	0	0	0	1	0	0	0	0	0	0	0	0	0	0	0	0	1	0	0	1	2	4	3	0	0	0	0	0	0	0	0	0	0	0	0	0	0	1	4	2	4	10	9	6	9	11	18	13	17	12	18	19	13	21	13	9	24	33	32	20	30	36	29	34	31	34	42	32	41	43	40	34	50	28	40	36	48	36	36	29	38	40	44	32	41	35	42	43	52	45	47	34	25	23	34	32	35	24	27	21	31	35	34	20	17	15	10	2	3	7	14	5	5	1	3	11	4	6	3	2	2	1	1	1	1	0	1	0	0	0	0	0	0	0	0	0	0	0	0	0	0	0	0	0	0	0	0	0
0	0	0	0	0	0	0	0	0	0	0	0	0	0	0	0	0	0	0	0	1	0	1	3	2	0	1	0	1	0	0	0	0	0	0	0	1	0	1	2	4	6	6	4	5	8	1	15	6	18	13	9	8	15	12	14	9	8	22	25	31	24	26	28	23	25	29	24	35	29	24	23	32	27	30	32	39	36	28	43	38	30	28	33	40	25	28	27	36	36	34	26	22	19	28	38	21	30	22	19	20	24	28	23	25	13	21	8	3	3	4	4	1	3	6	3	4	2	4	8	3	0	0	1	2	0	0	2	0	0	0	0	0	0	0	0	0	0	0	0	0	0	0	0	0	0	0	0	0	0
0	0	0	0	0	0	0	0	0	0	0	0	0	0	0	0	0	0	0	0	0	0	0	0	3	1	1	2	0	0	1	1	1	0	1	4	2	0	1	4	2	1	5	4	9	7	10	10	11	16	11	11	11	14	18	10	22	15	24	24	18	24	37	21	32	22	39	30	32	32	35	29	32	44	40	43	37	36	35	39	31	41	33	46	31	23	29	39	32	42	31	40	28	45	24	35	24	30	28	26	27	22	29	31	29	18	21	8	3	5	4	1	2	6	0	5	5	9	7	5	2	2	1	0	1	1	0	0	0	0	0	0	0	0	0	0	0	0	0	0	0	0	0	0	0	0	0	0	0	0
0	0	0	0	0	0	0	0	0	0	0	0	0	0	0	0	0	0	0	0	0	0	1	0	0	1	0	1	2	2	0	1	1	0	1	2	1	1	1	3	4	14	6	4	2	5	6	8	10	9	18	10	16	8	16	21	18	13	17	16	20	34	32	31	42	33	22	39	29	34	35	29	38	42	39	54	35	34	38	52	27	43	34	27	30	28	28	36	28	29	32	31	43	42	39	25	29	20	28	25	32	30	24	26	18	16	14	6	5	2	5	1	5	3	4	10	6	6	5	1	1	2	1	0	2	0	0	0	0	0	0	1	0	0	0	0	0	0	0	0	0	0	0	0	0	0	0	0	0	0
0	0	0	0	0	0	0	0	0	0	0	0	0	0	0	0	0	0	1	0	0	0	3	1	0	2	0	0	1	1	1	0	0	0	2	2	1	1	3	6	6	4	3	5	6	7	9	11	17	16	11	17	8	11	14	19	14	17	10	20	15	31	33	47	34	37	34	33	29	28	33	33	40	32	28	37	42	41	39	33	34	36	48	27	32	26	27	27	34	31	42	38	38	40	32	30	15	23	30	30	32	38	27	22	18	18	9	10	9	5	3	5	8	8	7	2	6	1	5	3	0	2	0	0	1	1	2	0	0	0	0	0	0	0	0	0	0	0	0	0	0	0	0	0	0	0	0	0	0	0
0	0	0	0	0	2	0	1	0	0	1	0	2	1	0	0	0	0	1	0	0	1	0	0	1	3	0	1	2	0	1	1	1	1	1	2	1	2	2	9	9	5	6	1	4	6	2	6	11	15	6	14	17	11	10	15	14	19	18	19	26	27	35	38	39	28	42	35	39	33	40	26	37	53	31	52	27	21	36	33	37	32	42	34	30	33	26	42	27	38	32	31	36	43	16	26	24	23	33	38	22	31	25	25	20	18	11	6	1	3	2	3	10	4	2	4	7	4	5	3	0	2	1	0	1	0	2	1	0	0	0	0	0	0	0	0	0	0	0	0	0	0	0	0	0	0	0	0	0	0
0	0	0	0	0	0	0	0	0	0	0	0	0	0	0	0	0	0	0	0	0	0	0	1	1	2	1	2	2	0	0	1	1	3	1	1	0	2	1	4	9	7	2	6	2	0	5	14	7	9	6	12	10	14	13	11	18	18	19	21	18	29	25	37	26	34	36	43	24	39	26	32	37	36	39	40	31	33	29	25	33	25	16	32	30	31	26	29	32	31	29	36	29	30	32	16	28	30	22	11	23	26	29	17	14	12	11	11	2	2	4	5	7	3	2	4	3	10	1	1	4	0	0	0	1	1	1	0	0	0	0	0	0	0	0	0	0	0	0	0	0	0	0	0	0	0	0	0	0	0
0	0	0	0	0	0	0	0	0	0	0	0	0	0	0	0	0	1	0	0	0	0	0	0	0	0	0	1	2	3	2	1	2	1	3	3	4	2	1	6	8	3	4	4	9	5	7	16	11	11	7	8	11	19	15	19	19	20	33	33	31	34	32	36	48	42	40	49	33	36	39	39	40	41	37	51	43	44	30	28	38	43	29	32	33	38	40	32	47	38	34	40	35	33	36	41	31	34	34	18	27	22	35	15	24	20	12	6	7	1	3	9	10	7	8	6	5	7	6	1	1	0	0	0	2	0	0	0	0	0	0	0	0	0	0	0	0	0	0	0	0	0	0	0	0	0	0	0	0	0
0	0	0	0	0	0	0	0	0	0	0	0	0	0	0	0	0	0	0	0	0	0	0	0	0	1	0	1	1	3	1	0	2	1	2	3	2	0	9	4	1	3	4	8	5	6	9	6	8	10	8	9	14	7	14	17	18	16	24	32	18	32	25	28	25	36	41	24	34	35	35	33	27	34	45	35	30	30	32	21	28	23	34	36	29	29	23	30	25	32	37	29	31	28	26	27	20	30	13	27	24	26	17	14	12	16	5	9	6	2	3	7	8	9	8	4	6	2	2	1	0	0	0	0	0	0	0	0	0	0	0	0	0	0	0	0	0	0	0	0	0	0	0	0	0	0	0	0	0	0
0	0	0	0	0	0	0	0	0	0	0	0	0	0	0	0	0	0	0	0	0	0	0	0	1	0	0	0	0	2	4	0	1	1	2	2	4	5	5	4	3	7	3	4	10	8	14	7	14	9	8	9	9	13	15	16	22	21	35	33	27	35	28	33	39	39	45	33	31	34	47	34	31	26	35	36	35	42	35	42	26	30	39	44	26	35	40	19	35	33	30	31	34	28	44	27	27	28	32	28	29	23	16	12	12	16	10	8	1	6	1	4	7	7	9	5	5	6	1	1	3	0	0	0	0	0	0	0	0	0	0	0	0	0	0	0	0	0	0	0	0	0	0	0	0	0	0	0	0	0
0	0	0	0	0	0	0	0	0	0	0	0	0	0	0	0	0	1	0	0	0	1	0	0	0	0	0	0	0	0	3	0	2	5	3	2	1	1	0	2	7	3	3	6	9	13	8	12	10	8	12	10	12	11	16	21	23	26	30	36	31	26	37	28	35	39	29	41	42	26	40	36	34	35	38	48	42	24	35	39	27	30	24	37	28	37	27	27	20	36	41	29	48	36	35	31	35	30	24	25	24	26	12	13	15	14	3	7	9	7	6	4	3	3	4	4	5	3	1	2	2	0	1	4	0	0	0	0	0	0	0	0	0	0	0	0	0	0	0	0	0	0	0	0	0	0	0	0	0	0
0	0	0	0	0	0	0	0	0	0	0	0	0	0	0	0	0	0	0	0	0	0	0	0	0	0	0	0	1	0	2	2	0	2	4	1	1	5	2	5	3	4	7	7	9	10	6	12	16	13	9	9	9	16	16	20	31	28	32	23	26	27	25	28	34	37	37	45	36	45	45	40	41	35	35	34	39	25	32	22	32	31	37	38	32	20	24	34	28	31	44	30	40	39	38	33	42	33	19	14	22	21	14	15	16	7	14	7	3	5	8	3	10	6	3	5	9	3	2	2	0	0	0	0	0	0	0	0	0	0	0	0	0	0	0	0	0	0	0	0	0	0	0	0	0	0	0	0	0	0
0	0	0	0	0	0	0	0	0	0	0	0	0	0	0	0	0	0	0	0	0	0	0	0	0	2	0	2	2	1	3	0	0	2	3	2	5	3	1	5	1	4	10	10	9	10	5	13	12	9	17	14	17	19	17	11	17	29	36	26	26	30	25	44	40	35	37	38	34	35	43	41	37	33	34	32	32	34	33	31	38	33	27	33	35	31	30	29	37	43	32	23	29	27	34	32	37	26	21	27	19	13	18	17	12	8	4	11	6	4	4	6	8	8	4	5	5	4	3	2	0	1	1	0	0	0	0	0	0	0	0	0	0	0	0	0	0	0	0	0	0	0	0	0	0	0	0	0	0	0
0	0	0	0	0	0	0	0	0	0	0	0	0	0	0	0	0	0	0	0	0	0	0	0	1	3	1	0	0	0	0	0	4	4	2	2	1	2	4	2	10	10	14	6	8	7	9	8	10	11	9	20	15	17	26	15	21	29	30	28	27	20	32	38	33	28	38	57	34	48	34	43	42	38	35	33	43	34	24	20	30	34	27	28	33	22	33	27	33	39	38	29	32	33	28	28	30	35	24	21	22	17	15	14	14	18	12	3	4	5	8	6	7	7	4	8	5	5	3	0	0	0	0	0	0	0	0	0	0	0	0	0	0	0	0	0	0	0	0	0	0	0	0	0	0	0	0	0	0	0
0	0	0	0	0	0	0	0	0	0	0	0	0	0	0	0	0	0	0	0	0	0	1	1	1	1	0	1	2	1	1	2	1	7	4	2	1	4	4	5	6	6	10	7	6	10	15	9	10	8	14	19	15	12	23	23	18	30	20	22	21	28	33	29	33	41	45	47	47	41	33	33	49	45	32	37	37	35	33	24	29	28	31	19	32	33	34	39	27	23	19	29	32	34	36	31	23	23	30	26	24	17	17	20	19	12	7	3	4	4	6	5	6	8	7	2	4	2	3	2	0	1	0	0	0	0	1	1	0	0	0	0	0	0	0	0	0	0	0	0	0	0	0	0	0	0	0	0	0	0
0	0	0	0	0	0	0	0	0	0	0	0	0	0	0	0	0	0	0	0	0	0	1	2	2	0	0	0	2	1	3	1	7	2	5	6	6	5	5	4	5	6	15	9	10	9	8	7	4	12	16	9	14	15	16	16	21	25	24	29	27	30	33	29	42	44	29	44	47	44	38	42	48	40	39	40	33	30	34	22	27	22	27	25	29	22	23	31	44	42	35	31	31	30	23	27	36	32	23	20	22	19	16	23	18	9	6	11	2	4	9	4	6	6	5	5	5	3	2	1	0	0	0	0	0	0	0	0	0	0	0	0	0	0	0	0	0	0	0	0	0	0	0	0	0	0	0	0	0	0
0	0	0	0	0	0	0	0	0	0	0	0	0	0	0	0	1	0	0	0	0	0	0	4	0	0	0	0	0	2	2	7	5	3	2	5	6	5	4	5	3	9	10	5	12	6	7	8	10	14	11	23	13	17	10	18	14	31	20	23	26	35	29	39	41	48	36	39	47	44	41	26	20	31	34	37	40	29	30	25	36	30	30	37	32	26	33	28	34	31	39	33	43	24	29	30	29	28	24	31	19	20	14	15	20	9	10	9	4	2	5	7	2	7	6	3	3	2	3	1	0	0	0	0	0	0	0	0	0	0	0	0	0	0	0	0	0	0	0	0	0	0	0	0	0	0	0	0	0	0
0	0	0	0	1	0	0	0	0	0	0	0	0	0	0	0	0	0	1	0	0	0	0	0	3	1	0	0	0	0	2	3	0	6	4	5	4	4	6	6	8	8	10	13	5	4	5	4	9	5	8	14	15	16	16	16	19	15	24	21	25	22	36	45	40	37	30	48	28	43	31	25	35	41	30	28	29	32	30	23	21	20	17	21	31	24	32	32	27	24	40	26	34	27	28	27	20	18	23	24	18	18	15	15	16	11	8	7	2	3	5	5	2	8	7	2	1	1	1	4	0	0	0	0	0	0	0	0	0	0	0	0	0	0	0	0	0	0	0	0	0	0	0	0	0	0	0	0	0	0
0	0	0	0	0	0	0	0	0	0	0	0	0	0	0	0	0	0	0	0	0	0	0	0	1	2	1	1	0	0	0	1	2	3	10	5	10	3	8	11	12	8	4	17	3	8	13	12	15	11	15	15	21	18	16	17	28	25	30	32	27	35	37	45	41	45	47	44	55	35	37	39	33	51	49	41	43	39	26	53	30	27	26	26	30	34	28	34	33	34	50	42	27	23	48	38	29	23	28	26	15	24	16	15	13	9	10	11	12	6	4	4	5	8	6	5	4	0	4	1	0	0	0	0	0	0	0	0	0	0	0	0	0	0	0	0	0	0	0	0	0	0	0	0	0	0	0	0	0	0
0	0	0	0	0	0	0	0	0	0	0	0	0	0	0	0	0	0	0	0	0	0	0	0	0	0	1	0	4	0	0	0	4	0	5	1	3	5	12	1	11	11	10	9	10	6	6	9	11	11	15	13	12	17	16	19	21	25	19	26	24	37	28	26	34	31	29	43	47	44	33	41	33	33	33	37	31	20	22	22	30	25	23	22	22	28	30	26	26	31	30	23	20	23	28	32	27	26	13	14	27	19	6	13	13	12	4	7	9	4	3	2	2	5	4	7	3	0	2	3	1	0	0	0	1	0	0	0	0	0	0	0	0	0	0	0	0	0	0	0	0	0	0	0	0	0	0	0	0	0
0	0	0	0	0	0	0	0	0	0	0	0	0	0	0	0	0	0	0	0	0	0	0	0	1	1	1	1	1	0	0	0	4	3	2	4	6	10	10	9	8	9	10	6	7	9	8	10	15	15	13	11	20	21	25	20	20	17	26	28	25	35	31	34	39	46	37	50	47	44	36	46	29	50	35	46	31	38	20	19	27	32	26	20	33	22	30	34	39	42	29	32	31	31	40	28	25	28	16	13	10	26	17	10	13	7	3	14	8	8	5	4	5	1	6	3	5	3	0	0	0	0	0	0	0	0	0	0	0	0	0	0	0	0	0	0	0	0	0	0	0	0	0	0	0	0	0	0	0	0
0	0	0	0	0	0	0	0	0	0	0	0	0	0	0	0	0	0	0	0	2	0	1	1	0	0	0	0	1	1	0	1	6	0	2	6	5	5	6	5	6	7	8	11	9	8	12	11	10	21	15	11	17	22	14	20	28	27	34	31	34	40	24	37	35	40	44	36	43	42	45	38	46	26	34	34	18	37	32	34	22	36	29	29	35	32	29	28	24	33	35	38	37	26	24	31	20	21	15	22	20	26	17	14	9	11	2	9	7	5	5	2	3	2	9	3	4	1	1	0	0	2	0	1	0	0	0	0	0	0	0	0	0	0	0	0	0	0	0	0	0	0	0	0	0	0	0	0	0	0
0	0	0	0	0	0	0	0	0	0	0	0	1	1	1	0	1	0	1	0	0	0	0	0	0	0	0	2	2	2	0	5	9	4	2	3	11	4	6	6	9	10	8	13	4	8	11	13	17	17	16	13	16	18	29	22	24	32	35	32	20	38	40	34	31	35	49	35	52	37	45	34	34	39	30	30	27	41	33	19	19	26	36	36	33	23	21	22	25	27	25	30	23	29	32	31	32	29	22	29	21	24	18	8	4	10	11	11	7	6	5	1	2	3	9	6	2	0	0	0	0	0	1	1	0	0	0	0	0	0	0	0	0	0	0	0	0	0	0	0	0	0	0	0	0	0	0	0	0	0
0	0	0	0	0	0	0	0	1	0	1	1	1	0	0	0	0	0	0	0	0	0	0	0	0	0	0	5	2	1	0	9	7	4	2	3	7	5	5	6	8	11	9	10	8	11	9	10	17	19	19	22	9	18	22	25	27	34	23	35	35	40	36	35	30	35	37	46	41	46	37	46	35	28	37	32	21	28	28	25	25	24	39	46	30	24	27	29	21	29	27	27	24	22	36	31	38	25	25	21	24	14	12	12	9	8	4	9	4	5	5	8	2	2	4	3	0	1	0	0	0	1	0	0	0	0	0	0	0	0	0	0	0	0	0	0	0	0	0	0	0	0	0	0	0	0	0	0	0	0
0	1	1	1	1	1	0	0	0	0	0	0	0	0	0	0	0	0	0	0	0	0	0	0	0	0	0	0	0	0	5	11	2	5	3	3	12	9	2	9	2	6	8	12	9	10	15	12	7	11	17	18	26	23	30	32	26	29	28	31	33	34	26	36	40	54	51	47	34	39	33	43	25	39	28	30	28	31	25	23	19	21	36	22	47	29	24	24	36	23	36	26	27	32	33	32	27	32	18	23	18	20	14	9	6	8	9	7	4	3	5	6	10	5	3	3	0	0	0	0	0	0	0	0	0	0	0	0	0	0	0	0	0	0	0	0	0	0	0	0	0	0	0	0	0	0	0	0	0	0
1	0	0	0	0	0	0	0	0	0	0	0	0	0	0	0	0	0	0	0	0	0	0	0	0	0	0	0	1	2	3	8	8	3	5	4	5	7	9	10	7	11	9	6	7	8	10	8	12	8	16	31	23	18	33	33	32	29	15	26	43	40	35	29	40	43	38	51	48	49	36	37	36	28	23	40	44	22	28	16	19	24	39	29	30	30	22	26	29	21	22	38	30	34	24	24	37	22	25	17	20	19	8	4	10	9	5	10	4	3	6	6	6	3	5	0	0	1	0	0	0	0	0	0	0	0	0	0	0	0	0	0	0	0	0	0	0	0	0	0	0	0	0	0	0	0	0	0	0	0
0	0	0	0	0	0	0	0	0	0	0	0	0	0	0	0	0	0	0	0	0	0	0	0	0	0	0	0	3	4	5	5	2	1	3	6	8	6	6	11	10	9	7	10	11	9	9	6	8	13	16	26	22	20	28	26	25	19	16	24	28	32	34	27	48	43	41	43	35	35	29	31	30	40	20	32	40	26	23	12	20	23	23	32	19	25	35	18	23	25	27	24	29	23	34	26	17	15	14	16	16	16	15	7	6	8	3	6	5	1	6	8	5	3	1	2	2	0	0	0	1	1	0	0	0	0	0	0	0	0	0	0	0	0	0	0	0	0	0	0	0	0	0	0	0	0	0	0	0	0
0	0	0	0	0	0	0	0	0	0	0	0	0	0	0	0	0	0	0	0	0	0	0	0	0	0	0	1	1	9	4	2	3	5	8	6	10	6	5	9	14	8	6	9	15	7	13	15	15	13	26	17	27	36	35	37	33	45	40	37	34	24	34	41	41	52	40	42	53	42	35	45	36	50	35	54	33	30	27	35	16	32	29	34	34	37	38	33	23	29	34	23	25	19	38	30	24	21	29	23	11	20	10	10	14	9	11	11	5	6	6	3	5	2	5	0	2	0	0	0	1	0	0	0	0	0	0	0	0	0	0	0	0	0	0	0	0	0	0	0	0	0	0	0	0	0	0	0	0	0
0	0	0	0	0	0	0	1	0	0	1	0	0	0	1	0	0	0	0	1	1	1	2	2	0	1	0	1	3	1	0	2	3	4	8	8	5	5	4	6	9	11	5	7	3	6	7	8	16	22	22	16	19	25	23	32	28	24	19	23	28	34	30	26	43	41	46	41	43	26	34	28	29	29	38	32	28	31	24	22	27	22	22	23	34	28	28	25	19	23	31	18	28	17	12	26	24	19	19	15	17	11	6	12	14	9	4	4	5	1	3	2	1	1	4	1	0	2	1	0	2	0	0	1	0	0	0	1	0	0	0	0	1	0	0	0	0	0	0	0	0	0	0	0	0	0	0	0	0	0
0	0	0	0	0	0	0	0	0	0	0	0	2	0	1	2	2	0	2	0	1	0	2	0	1	1	0	3	3	0	4	0	4	6	8	7	4	7	6	3	12	5	5	2	6	5	17	17	22	28	27	18	19	28	25	33	24	29	27	41	47	27	36	42	49	39	42	41	33	41	43	18	38	38	43	34	42	28	30	23	29	20	36	28	21	28	35	22	25	22	20	30	23	17	24	23	15	14	20	13	25	21	15	5	17	13	12	4	1	8	2	3	3	5	3	2	3	0	1	0	0	0	0	0	0	0	0	0	0	1	0	1	0	1	0	0	0	0	0	0	0	0	0	0	0	0	0	0	0	0
0	0	0	1	1	0	0	1	0	3	0	1	1	0	0	0	1	0	1	1	1	0	2	0	0	1	2	5	1	1	0	2	1	3	4	1	5	3	12	12	10	9	7	5	7	8	12	19	19	20	34	18	25	22	28	33	25	27	36	52	28	41	48	29	46	42	47	40	43	36	26	27	30	29	34	47	38	38	19	26	27	31	32	21	30	24	28	21	33	27	19	17	23	34	19	33	18	18	17	13	13	11	11	10	12	8	3	8	1	5	7	1	3	2	2	2	2	3	0	1	0	0	1	0	0	0	0	0	0	0	0	0	0	0	0	0	0	0	0	0	0	0	0	0	0	0	0	0	0	0
0	0	3	0	0	2	1	1	1	1	0	1	1	0	1	1	0	0	0	0	0	0	1	0	0	0	4	0	0	0	0	3	3	2	3	4	3	4	11	13	7	5	7	5	10	13	22	14	21	26	18	34	28	30	29	40	23	31	40	41	37	32	31	43	49	51	45	32	26	22	33	36	47	34	42	42	23	20	28	26	23	30	30	24	32	26	23	21	26	29	30	16	22	22	18	22	19	17	15	16	21	7	8	9	13	11	10	7	5	3	3	2	6	8	2	2	2	0	0	0	0	0	0	1	0	0	0	0	0	0	0	0	0	0	0	0	0	0	0	0	0	0	0	0	0	0	0	0	0	0
0	0	0	0	0	0	0	0	0	0	0	0	0	0	0	0	0	0	0	0	0	0	1	0	0	4	1	0	0	0	1	2	3	3	4	4	6	10	4	11	12	12	5	9	7	11	14	14	17	34	23	31	20	28	26	38	32	39	36	38	42	42	27	24	27	39	41	42	37	39	42	36	43	28	52	38	36	31	29	19	26	22	31	35	27	25	27	27	21	25	27	26	19	11	20	16	20	17	10	12	10	10	11	8	14	9	4	7	6	7	1	3	6	5	7	1	0	0	0	0	0	0	0	0	0	0	0	0	0	0	0	0	0	0	0	0	0	0	0	0	0	0	0	0	0	0	0	0	0	0
0	0	0	2	0	0	0	0	0	3	0	1	0	0	0	1	1	0	0	0	0	2	0	1	1	4	2	0	1	2	1	2	1	1	7	0	4	5	9	4	15	8	11	5	12	15	23	11	19	30	18	24	21	36	26	31	33	32	37	37	25	40	39	32	28	39	36	38	36	38	40	38	41	35	37	36	31	25	32	33	27	33	28	32	27	18	28	35	25	29	20	13	19	15	18	24	18	17	22	18	13	9	11	11	11	7	6	7	8	3	6	3	3	5	4	0	0	1	0	0	0	0	0	0	0	0	0	0	0	0	0	0	0	0	0	0	0	0	0	0	0	0	0	0	0	0	0	0	0	0
0	1	0	0	1	1	0	0	1	0	0	1	1	0	0	1	0	1	0	1	0	0	0	1	5	0	0	0	0	0	0	3	2	2	0	3	9	6	11	8	13	14	6	7	12	9	19	25	25	15	27	27	35	22	24	30	42	36	42	37	27	28	23	34	45	30	34	32	36	43	32	42	36	35	43	32	37	23	28	33	27	34	34	27	27	24	24	26	29	29	13	23	17	17	16	11	18	20	15	11	13	11	15	15	8	13	5	4	3	2	1	4	6	2	2	3	1	1	0	2	0	0	1	1	0	0	0	0	0	0	0	0	0	0	0	0	0	0	0	0	0	0	0	0	0	0	0	0	0	0
0	1	1	0	0	0	0	1	0	0	0	1	0	0	0	0	0	0	0	0	1	0	0	0	4	0	0	0	1	3	3	3	2	0	2	3	6	6	4	12	9	7	7	4	10	15	13	27	19	15	13	21	27	31	29	27	39	40	22	35	28	20	24	25	24	32	36	44	35	36	25	30	38	23	42	29	31	38	22	17	23	30	29	31	16	19	22	23	18	26	24	12	17	18	13	14	10	17	16	11	13	6	16	9	10	8	6	5	6	4	0	4	2	1	2	3	2	1	0	2	0	0	1	0	0	0	0	0	0	0	0	0	0	0	0	0	0	0	0	0	0	0	0	0	0	0	0	0	0	0
0	1	0	0	1	0	0	0	0	0	1	2	0	0	0	0	1	1	0	1	0	0	0	1	4	5	0	0	5	4	1	3	4	4	1	8	11	7	10	9	10	8	11	10	22	19	34	25	22	22	23	19	27	32	37	48	53	33	26	21	30	30	36	38	40	43	42	58	42	42	30	26	40	37	35	38	43	29	33	39	34	35	32	29	26	32	32	30	26	22	25	22	17	17	14	18	18	15	12	11	23	21	15	9	6	5	7	8	3	5	5	8	4	0	2	1	0	0	0	1	0	0	4	0	0	1	0	0	0	0	0	0	0	0	0	0	0	0	0	0	0	0	0	0	0	0	0	0	0	0
0	2	2	0	0	3	2	0	0	1	1	1	2	0	1	5	1	0	1	3	0	2	2	1	1	5	5	4	1	3	4	2	4	6	2	1	4	6	8	14	6	9	4	5	5	16	15	20	18	21	14	12	22	22	33	39	31	24	25	22	31	24	25	27	38	38	41	33	31	26	17	24	25	26	34	28	31	27	29	33	21	33	30	31	29	22	25	23	21	15	14	14	14	16	15	14	19	16	9	9	10	16	19	7	4	3	4	6	5	4	1	1	2	2	2	2	1	0	0	1	1	0	0	0	1	0	1	0	0	0	0	0	0	0	0	0	0	0	0	0	0	0	0	0	0	0	0	0	0	0
1	5	1	1	2	1	0	3	1	3	0	2	1	1	1	1	0	1	1	1	0	2	1	0	1	4	5	1	0	3	3	2	4	2	1	2	6	9	4	7	14	7	7	9	15	12	21	21	10	13	21	29	27	24	34	29	24	31	37	30	28	24	29	28	40	36	43	34	31	39	30	30	26	40	31	41	38	26	27	33	33	26	29	33	20	20	32	19	31	21	20	12	14	15	15	24	17	13	16	11	9	16	16	9	4	3	7	6	5	4	7	4	5	5	0	0	0	0	0	0	0	0	0	1	0	1	1	2	0	0	0	0	0	0	0	0	0	0	0	0	0	0	0	0	0	0	0	0	0	0
1	0	0	0	0	2	0	0	1	1	0	0	0	1	0	0	1	2	2	0	1	0	0	1	8	5	0	3	4	6	5	3	1	4	4	5	3	6	10	17	7	10	20	8	20	14	11	16	23	19	26	20	21	25	37	27	22	39	30	41	22	22	30	37	34	33	26	38	44	27	36	29	29	33	41	34	35	23	25	26	29	29	34	28	34	22	13	29	17	23	32	22	13	10	9	15	13	16	12	13	8	13	9	10	6	1	8	8	6	3	2	2	4	2	2	2	0	0	1	0	0	1	0	0	0	0	0	1	1	0	0	0	0	0	0	0	0	0	0	0	0	0	0	0	0	0	0	0	0	0
3	1	3	4	2	1	1	0	1	2	2	1	2	1	0	1	3	3	2	1	1	2	0	3	7	3	2	0	6	2	3	4	0	2	2	8	7	7	8	9	3	6	19	15	9	8	11	18	14	12	9	14	18	29	36	25	32	20	25	29	21	22	30	43	41	30	43	29	29	22	26	41	33	27	34	49	20	38	24	29	34	30	28	21	25	27	21	20	39	16	21	20	19	13	12	24	13	15	19	8	6	10	7	9	2	14	6	5	2	1	1	2	10	1	1	1	0	0	0	0	1	0	0	0	1	0	0	0	2	0	1	0	0	0	0	0	0	0	0	0	0	0	0	0	0	0	0	0	0	0
3	1	3	1	2	2	2	3	0	0	5	0	1	0	2	2	0	1	0	0	0	2	4	3	8	3	1	0	5	1	0	5	4	0	5	5	7	10	16	13	10	11	17	14	27	21	15	4	14	11	7	23	25	28	32	29	15	20	27	30	26	31	38	22	32	36	30	35	35	34	23	36	29	31	23	34	23	30	28	23	29	31	26	31	27	24	21	22	18	23	30	20	19	15	22	15	11	10	6	7	8	5	12	5	8	7	11	4	3	2	3	7	1	1	0	1	0	0	0	0	0	0	1	0	0	1	0	2	0	0	0	0	0	0	0	0	0	0	0	0	0	0	0	0	0	0	0	0	0	0
6	6	4	6	3	1	2	3	3	2	4	2	1	3	5	1	3	2	4	1	1	2	6	2	7	3	2	2	0	2	4	3	1	4	13	3	3	11	7	14	8	7	21	16	15	16	15	10	11	19	15	16	10	12	22	25	18	16	16	16	34	24	18	19	19	30	24	17	28	27	23	37	37	37	28	29	29	29	27	34	17	31	23	25	24	26	23	22	31	26	30	16	19	11	14	13	9	10	8	17	8	15	6	4	5	5	5	5	6	6	4	5	1	3	1	0	0	0	0	0	0	0	0	1	0	0	0	0	1	2	0	2	0	0	1	0	0	0	0	1	0	0	0	0	0	0	0	0	0	0
6	6	6	6	10	8	5	6	3	4	2	4	2	2	1	1	1	3	2	1	2	1	1	4	8	4	4	1	1	0	2	0	5	4	7	3	5	13	4	14	27	17	17	13	19	6	12	7	28	15	16	24	26	22	26	23	13	24	17	37	33	24	20	23	25	11	21	25	8	18	23	23	17	24	34	23	33	33	27	29	30	31	25	14	17	26	27	21	25	17	38	24	24	14	12	14	13	9	7	8	8	6	6	3	6	9	4	6	3	6	3	5	1	2	1	1	0	0	0	0	0	0	0	0	0	0	0	0	0	1	1	0	0	0	0	0	0	0	0	0	0	0	0	0	0	0	0	0	0	0
13	4	13	10	11	6	14	15	4	12	6	15	9	3	12	6	3	4	1	1	1	4	1	1	9	1	1	0	1	0	0	3	0	2	6	2	3	7	14	11	15	20	9	6	18	12	9	6	20	12	16	25	9	18	20	19	19	12	19	23	20	24	15	20	17	13	8	12	22	9	15	19	18	16	16	17	29	20	21	26	25	18	28	26	18	14	14	24	17	21	20	32	21	13	14	10	8	8	7	9	4	4	8	2	7	5	8	4	7	9	3	3	2	1	1	1	0	0	0	0	0	0	0	0	0	0	0	0	0	0	0	0	0	0	0	0	0	0	0	0	0	0	0	0	0	0	0	0	0	0
14	10	8	6	15	10	13	8	10	13	19	22	15	19	23	17	19	19	24	21	14	20	19	14	8	12	8	2	4	1	3	2	1	1	3	8	2	5	21	11	10	22	20	12	17	13	17	22	22	13	29	20	21	13	18	25	25	26	26	28	24	25	24	23	17	10	9	18	12	16	15	18	17	24	31	29	18	20	21	13	14	18	18	20	17	22	28	25	34	25	28	20	26	13	16	16	13	16	9	14	13	9	2	3	4	4	3	5	2	4	2	8	3	5	2	3	0	1	1	0	0	0	0	0	0	0	0	0	0	0	0	0	0	0	0	0	0	0	0	0	0	0	0	0	0	0	0	0	0	0
5	6	6	3	5	8	5	5	8	8	9	3	8	8	6	9	12	12	8	14	18	12	15	17	23	23	30	37	25	26	21	28	28	11	13	17	11	8	12	15	7	10	23	16	7	15	11	16	13	20	3	15	11	21	21	16	14	22	19	14	20	21	28	19	9	4	11	16	21	20	15	13	17	20	18	10	14	9	13	12	6	12	15	13	10	4	8	14	11	10	19	25	18	13	11	10	10	8	14	6	2	6	6	4	8	4	2	4	2	2	1	8	2	1	0	0	2	1	0	1	0	0	0	0	0	0	0	0	0	0	0	0	0	0	0	0	0	0	0	0	0	0	0	0	0	0	0	0	0	0
7	4	4	3	3	4	1	2	4	8	9	3	5	3	3	4	4	1	5	8	2	6	6	7	8	7	6	8	9	13	9	12	26	24	27	30	24	40	33	33	41	47	44	44	47	42	44	46	40	41	45	32	44	41	31	37	27	22	26	31	23	36	25	18	10	8	11	13	19	13	17	12	14	12	9	13	9	18	24	23	15	16	10	10	8	9	10	10	10	13	13	17	12	10	3	9	6	5	3	5	1	3	3	2	4	0	1	1	0	2	0	1	1	0	1	1	0	1	0	1	0	0	0	0	0	0	0	0	0	0	1	0	1	0	0	0	0	0	0	0	0	0	0	0	0	0	0	0	0	0
0	0	0	0	0	0	0	0	0	0	0	0	0	0	0	0	0	0	0	0	0	0	0	0	0	1	0	1	0	1	0	0	0	0	1	4	0	2	1	1	1	1	1	3	3	9	6	11	11	10	24	8	21	14	27	20	32	35	38	39	37	44	49	38	53	38	38	37	44	42	37	41	45	34	45	31	39	33	37	42	35	31	29	31	47	31	18	31	29	40	28	20	31	26	21	19	16	23	17	15	16	7	9	16	12	4	8	9	6	12	5	4	3	6	0	1	3	2	2	2	1	0	1	0	1	0	0	0	1	0	0	0	0	0	0	0	0	0	0	0	0	0	0	0	0	0	0	0	0	0
1	0	4	0	2	4	6	3	4	4	4	4	8	9	11	8	7	12	13	12	13	11	19	14	16	18	21	13	18	13	12	19	15	17	10	7	17	17	8	17	12	17	11	12	11	6	13	13	13	9	10	11	15	16	13	16	10	12	17	12	18	22	10	18	19	19	24	14	31	23	23	37	27	33	34	33	42	41	29	38	38	40	35	35	39	36	28	38	34	39	35	31	36	32	29	27	28	20	35	28	23	20	29	27	19	16	21	23	16	21	15	15	21	14	6	5	6	6	4	4	0	2	4	7	3	1	3	1	2	0	0	1	0	0	0	0	0	1	1	0	0	0	0	0	0	0	0	0	0	0
1	3	5	6	1	6	5	9	5	13	11	10	12	13	6	11	14	16	21	12	15	15	21	17	7	8	10	12	11	9	12	8	8	7	16	11	10	7	10	7	5	10	5	7	11	17	17	14	14	10	20	19	18	16	13	14	13	15	18	21	18	26	18	23	16	16	27	24	17	18	25	29	22	27	24	19	23	20	18	23	18	18	19	24	22	22	20	17	15	12	12	15	22	17	16	22	13	16	17	15	17	17	11	12	12	5	4	6	2	5	4	3	5	3	2	0	3	0	0	0	0	0	2	2	1	0	3	1	0	0	0	0	0	0	0	0	0	0	0	0	0	0	0	0	0	0	0	0	0	0
10	3	1	6	11	4	7	6	7	6	5	6	7	12	7	21	12	13	6	8	8	9	11	9	12	14	10	12	12	12	4	7	11	10	12	11	8	9	10	9	18	8	12	14	20	21	15	16	13	21	21	21	19	21	17	23	20	21	38	31	24	24	26	27	37	24	30	25	28	28	32	27	29	34	21	31	30	32	30	33	36	24	33	41	20	24	30	35	21	24	26	31	27	27	25	19	22	21	16	17	21	16	15	11	10	11	15	12	5	8	5	6	6	3	0	1	0	1	1	0	3	4	1	1	0	1	1	2	0	0	0	0	0	0	0	0	0	0	0	0	0	0	0	0	0	0	0	0	0	0
1	1	4	7	4	1	3	3	4	2	1	1	2	4	5	6	11	7	7	8	11	3	5	5	3	6	10	5	4	2	7	6	4	3	4	4	5	5	5	12	14	9	14	19	22	8	16	10	14	7	7	28	17	16	22	15	16	27	24	20	17	15	26	27	20	28	17	18	25	25	28	36	40	30	37	33	33	19	26	28	31	39	29	25	24	14	23	16	19	19	24	32	22	18	17	19	23	10	17	12	10	23	13	10	10	3	5	4	5	8	4	5	3	4	1	2	1	0	0	1	1	0	4	0	2	1	0	0	0	0	0	0	0	0	0	0	0	0	0	0	0	0	0	0	0	0	0	0	0	0
1	0	3	8	5	4	1	3	2	3	3	1	1	1	1	5	2	2	2	1	5	6	5	7	11	8	5	4	7	4	6	6	7	1	7	8	7	9	12	12	12	9	19	14	10	14	12	9	7	25	10	10	21	19	23	25	25	37	23	26	20	19	18	24	44	34	33	30	39	35	30	55	33	33	41	35	38	32	30	31	29	30	28	37	24	25	28	35	30	15	28	25	33	25	16	22	19	16	16	12	19	24	8	17	12	13	4	6	8	14	6	5	5	0	0	0	0	2	1	2	0	3	1	0	0	0	0	0	0	0	0	0	0	0	0	0	0	0	0	0	0	0	0	0	0	0	0	0	0	0
0	0	0	2	3	0	3	2	4	2	1	2	1	0	3	2	2	1	0	1	1	4	1	5	1	1	3	2	5	3	10	4	4	2	3	4	5	3	5	14	10	9	16	12	11	24	14	12	11	20	19	27	22	18	20	29	20	27	37	25	26	22	41	49	39	31	32	25	38	29	36	32	31	31	46	46	39	35	36	33	24	28	27	38	28	24	25	21	26	22	19	12	25	27	23	25	24	28	19	11	18	12	10	16	5	8	5	6	12	12	6	5	5	1	4	5	1	2	0	1	0	1	3	1	1	0	0	0	0	0	0	0	0	0	0	0	0	0	0	0	0	0	0	0	0	0	0	0	0	0
0	1	0	0	1	3	2	0	0	3	2	3	1	3	7	4	1	1	0	1	0	0	3	3	1	1	1	2	1	2	4	1	4	5	6	6	5	5	8	9	7	10	7	10	14	12	13	6	16	12	21	18	26	25	17	16	22	25	26	35	26	29	29	44	55	45	46	43	38	39	38	30	32	30	33	37	42	26	34	29	32	36	23	37	26	34	34	27	31	18	19	27	14	18	11	23	19	22	21	23	15	24	11	17	8	5	8	11	11	6	6	8	4	3	4	0	1	0	3	3	0	0	1	1	1	0	0	0	0	0	0	0	0	0	0	0	0	0	0	0	0	0	0	0	0	0	0	0	0	0
0	0	1	0	0	0	1	2	1	0	0	3	1	0	5	0	2	2	2	1	1	0	4	2	0	1	1	1	1	1	4	3	2	2	5	4	1	3	9	6	11	5	3	13	7	7	20	11	9	23	22	16	26	27	19	27	19	30	37	23	38	30	35	44	44	42	42	53	45	31	39	23	47	36	33	37	34	34	38	36	31	32	26	23	25	36	28	23	25	23	21	21	16	18	19	12	18	27	23	18	17	19	14	10	15	9	7	9	9	7	6	3	10	2	0	4	0	0	0	2	0	2	1	0	1	0	1	0	1	1	0	0	0	0	0	0	0	0	0	0	0	0	0	0	0	0	0	0	0	0
0	0	0	0	1	0	1	0	0	2	3	1	3	3	3	1	0	0	0	1	2	2	1	4	1	0	1	0	1	0	4	2	0	2	1	3	3	7	4	5	4	8	4	14	8	9	8	11	6	22	17	15	24	31	26	19	27	25	41	42	30	31	37	45	50	55	31	51	33	38	36	28	34	40	38	32	45	28	24	37	33	30	30	25	29	43	28	40	20	19	12	16	14	17	21	14	27	9	10	21	23	30	18	17	18	18	12	15	3	5	2	7	5	6	2	1	1	1	1	2	0	0	2	1	0	1	0	0	0	0	0	0	0	0	0	0	0	0	0	0	0	0	0	0	0	0	0	0	0	0
0	0	0	0	0	0	0	0	0	0	0	0	1	2	9	2	1	0	1	1	0	0	1	1	6	1	0	0	0	0	4	1	0	3	6	3	2	3	2	5	3	9	3	17	16	5	7	2	6	8	18	17	16	31	31	24	26	34	42	31	41	38	40	39	54	41	37	46	50	35	32	39	29	33	46	33	35	34	30	24	31	35	31	34	28	33	30	32	17	18	22	19	25	13	12	18	11	17	26	23	17	21	15	14	17	17	10	12	5	6	3	8	11	6	3	0	2	2	0	0	0	1	2	1	0	1	2	0	0	0	0	0	0	0	0	0	0	0	0	0	0	0	0	0	0	0	0	0	0	0
0	0	0	0	0	0	0	0	0	0	0	0	0	0	3	1	4	3	1	0	1	1	0	1	0	7	1	0	1	0	0	4	2	1	6	2	1	1	2	1	4	6	3	7	16	17	4	2	3	10	8	9	27	22	24	20	22	26	36	32	30	36	31	30	35	34	36	29	46	33	38	33	22	32	38	40	32	33	32	35	31	30	28	26	31	24	29	27	22	17	18	17	17	18	13	9	18	21	15	16	15	22	15	14	15	18	13	13	4	1	4	6	3	3	4	1	3	1	2	0	1	1	0	0	0	0	0	1	0	0	0	0	0	0	0	0	0	0	0	0	0	0	0	0	0	0	0	0	0	0
0	0	0	0	0	0	0	0	0	0	0	0	0	0	0	5	0	2	2	2	1	1	0	1	1	1	3	2	1	3	1	6	7	3	1	7	2	3	6	2	9	3	3	10	3	14	7	14	11	9	11	19	24	26	19	30	31	32	31	42	39	43	38	49	50	55	41	52	37	46	22	32	35	43	45	48	44	50	42	44	36	35	39	33	30	29	27	29	25	26	25	27	24	23	25	17	18	28	23	22	33	22	25	21	13	9	16	3	9	3	9	9	10	5	2	1	2	3	0	1	3	3	0	0	0	0	0	0	0	0	0	0	0	0	0	0	0	0	0	0	0	0	0	0	0	0	0	0	0	0
0	0	0	0	0	0	0	0	0	0	0	0	0	0	0	2	2	0	0	1	3	1	0	0	1	1	2	4	1	0	4	4	4	1	2	6	6	3	1	1	8	4	2	7	9	10	11	1	5	9	14	14	22	24	13	21	27	18	26	28	16	43	27	35	33	37	30	36	39	39	28	29	44	34	32	35	29	31	40	38	31	32	19	20	26	33	21	36	24	18	22	18	17	13	18	26	19	21	16	17	13	27	21	16	11	11	6	7	9	5	6	2	6	6	3	1	2	3	1	4	3	0	0	0	0	0	0	0	0	0	0	0	0	0	0	0	0	0	0	0	0	0	0	0	0	0	0	0	0	0
0	0	0	0	0	0	0	0	0	0	0	0	0	0	0	0	4	0	0	0	0	0	1	1	3	0	1	3	1	4	0	3	3	3	0	4	2	5	5	2	8	8	2	17	8	9	8	15	10	19	9	11	13	20	23	17	15	26	29	38	36	35	28	34	39	37	39	45	33	30	44	47	40	38	42	41	56	41	31	26	34	32	21	32	29	38	35	25	24	25	23	24	27	20	20	19	20	24	19	24	21	15	16	13	19	8	15	6	7	11	8	8	11	3	2	1	3	4	1	3	3	1	0	0	0	0	0	0	0	0	0	0	0	0	0	0	0	0	0	0	0	0	0	0	0	0	0	0	0	0
0	0	0	0	0	0	0	0	0	0	0	0	0	0	0	0	1	4	0	0	0	0	0	0	1	6	1	1	0	0	4	1	2	2	5	1	1	0	6	6	5	8	8	8	21	7	9	19	17	16	12	14	14	13	17	25	20	32	22	27	20	29	38	30	29	40	42	54	45	37	37	40	42	41	51	44	36	45	36	34	45	26	30	24	22	26	21	24	28	21	16	26	23	25	21	14	25	21	19	27	21	16	24	29	23	13	10	7	6	3	3	7	7	7	5	4	4	1	2	4	1	1	0	0	0	0	0	0	0	0	0	0	0	0	0	0	0	0	0	0	0	0	0	0	0	0	0	0	0	0
0	0	0	0	0	0	0	0	0	0	0	0	0	0	0	0	0	3	1	0	0	0	0	0	0	4	0	0	1	1	1	6	3	1	1	5	4	3	3	8	9	0	6	7	15	12	8	13	19	12	14	10	17	14	18	20	27	17	31	24	27	25	27	36	31	40	45	53	52	41	41	36	38	48	30	48	41	42	34	38	38	35	38	28	23	23	29	28	20	21	18	19	19	25	17	22	28	16	21	31	23	24	24	28	11	11	5	10	7	9	5	9	4	3	9	4	1	3	0	1	3	1	1	0	0	0	0	0	0	0	0	0	0	0	0	0	0	0	0	0	0	0	0	0	0	0	0	0	0	0
0	0	0	0	0	0	0	0	0	0	0	0	0	0	0	0	0	0	5	0	0	0	0	0	0	1	4	0	0	0	0	0	2	4	3	3	9	4	6	5	2	9	10	14	17	14	12	9	11	14	13	17	15	9	21	20	31	26	29	26	26	24	36	22	40	43	47	43	39	32	42	28	45	36	40	49	44	30	36	33	31	42	27	29	31	35	19	28	17	24	18	21	22	29	31	26	15	27	24	15	23	14	20	27	14	14	10	11	7	9	5	4	7	8	4	7	1	2	5	0	0	0	1	2	1	0	0	0	0	0	0	0	0	0	0	0	0	0	0	0	0	0	0	0	0	0	0	0	0	0
0	0	0	0	0	0	0	0	0	0	0	0	0	0	0	0	0	0	0	4	0	0	0	0	0	0	3	1	0	0	0	0	0	0	0	5	11	9	7	4	7	3	5	14	10	8	5	9	6	16	20	16	18	13	22	15	14	14	20	23	31	18	24	36	28	36	38	31	37	35	43	27	32	40	37	34	38	31	37	26	31	30	31	25	27	32	29	20	23	17	7	20	15	20	26	29	21	22	23	22	17	20	18	26	21	11	4	6	8	3	7	8	6	7	3	4	2	1	1	0	1	0	0	0	0	0	0	0	0	0	2	0	1	0	0	0	0	0	0	0	0	0	0	0	0	0	0	0	0	0
0	0	0	0	0	0	0	0	0	0	0	0	0	0	0	0	0	0	0	2	3	0	0	0	0	0	0	3	2	2	1	2	0	1	0	1	2	3	13	10	8	12	6	12	8	3	9	6	14	13	19	19	27	17	25	19	21	32	23	30	30	28	35	39	43	46	46	43	35	47	32	46	45	40	50	51	45	40	40	31	30	25	27	26	48	44	33	34	31	23	22	33	22	23	28	33	20	29	33	34	25	31	23	17	15	18	18	10	6	11	6	9	10	5	6	2	5	2	0	1	0	0	0	0	0	0	0	0	2	0	1	1	1	0	0	0	0	0	0	0	0	0	0	0	0	0	0	0	0	0
0	0	0	0	0	0	0	0	0	0	0	0	0	0	0	0	0	0	0	0	1	3	0	0	0	0	0	0	0	0	2	2	2	1	0	3	1	9	4	7	2	6	4	7	5	8	12	9	7	6	12	17	10	21	24	14	17	20	23	13	32	29	25	18	38	34	38	42	48	40	32	29	31	34	32	34	31	28	27	19	25	29	22	24	37	25	33	28	31	22	25	24	20	14	16	25	23	29	24	29	15	25	20	15	12	16	13	13	10	7	6	4	7	2	4	5	5	0	1	1	1	0	0	0	0	0	0	2	0	0	2	0	0	0	0	0	0	0	0	0	0	0	0	0	0	0	0	0	0	0
0	0	0	0	0	0	0	0	0	0	0	0	0	0	0	0	0	0	0	0	3	1	1	0	0	0	0	0	0	0	0	1	4	2	0	0	1	8	8	8	10	1	4	12	4	13	3	16	4	10	7	10	17	18	26	23	27	23	22	34	27	32	35	38	30	44	59	46	58	40	39	33	38	44	48	41	42	32	40	32	30	39	34	24	30	37	35	35	34	39	49	30	37	34	28	23	34	38	33	29	27	15	20	17	21	23	12	9	15	8	7	7	7	8	3	6	0	4	2	0	0	0	0	0	0	0	0	0	1	2	0	2	0	0	0	0	0	0	0	0	0	0	0	0	0	0	0	0	0	0
0	0	0	0	0	0	0	0	0	0	0	0	0	0	0	0	0	0	0	0	0	0	2	2	0	0	0	1	0	1	0	1	1	1	1	1	5	6	3	3	5	4	2	7	9	4	7	7	10	9	6	12	10	12	10	17	26	16	18	25	13	29	33	31	25	39	38	44	35	35	31	39	33	28	30	29	33	29	27	26	36	26	28	21	30	29	35	25	35	35	23	31	26	16	24	20	29	31	27	23	20	18	20	19	16	13	11	13	12	6	4	5	3	2	8	4	1	1	0	1	0	2	0	0	0	0	0	0	0	1	1	1	1	0	0	0	0	0	0	0	0	0	0	0	0	0	0	0	0	0
0	0	0	0	0	0	0	0	0	0	0	0	0	0	0	0	0	0	0	0	0	0	0	0	4	0	0	0	1	1	1	2	5	1	1	1	2	7	3	8	2	5	2	2	2	7	5	11	13	9	8	13	12	21	18	19	22	16	13	19	24	25	26	40	27	44	41	35	53	39	36	30	47	40	48	31	44	22	30	35	32	32	20	37	38	42	31	27	39	44	37	26	36	21	31	24	33	25	25	16	38	21	12	22	21	22	9	8	9	9	8	10	8	6	1	4	2	1	3	1	0	0	0	0	0	0	0	0	0	1	1	0	2	0	0	0	0	0	0	0	0	0	0	0	0	0	0	0	0	0
0	0	0	0	0	0	0	0	0	0	0	0	0	0	0	0	0	0	0	0	0	0	0	0	3	2	0	0	0	0	0	0	3	3	2	3	4	2	4	4	4	6	8	2	4	5	11	5	7	8	15	10	14	18	15	29	26	18	9	26	26	26	21	33	26	41	36	44	43	37	33	35	31	37	38	42	31	39	33	38	31	28	33	32	26	34	30	37	33	38	39	37	32	34	20	26	20	40	31	30	26	29	14	14	18	18	14	11	9	16	8	11	1	6	3	4	1	4	1	0	1	0	0	0	0	1	0	0	2	0	1	0	0	0	1	0	0	0	0	0	0	0	0	0	0	0	0	0	0	0
0	0	0	0	0	0	0	0	0	0	0	0	0	0	0	0	0	0	0	0	0	0	0	0	1	1	1	1	0	0	0	0	6	3	1	1	2	0	1	3	6	4	5	6	10	9	6	10	7	5	9	5	12	15	28	19	21	17	28	21	17	23	20	31	32	35	38	45	51	36	43	35	37	36	52	37	33	31	29	29	26	29	23	27	33	28	38	44	26	36	42	38	32	25	27	25	26	24	25	37	35	21	21	31	16	11	19	18	9	13	3	5	7	5	4	7	3	4	1	0	0	0	1	1	0	0	0	0	0	0	0	2	2	0	0	0	0	0	0	0	0	0	0	0	0	0	0	0	0	0
0	0	0	0	0	0	0	0	0	0	0	0	0	0	0	0	0	0	0	0	0	0	0	0	0	0	0	0	2	1	1	3	4	3	0	3	2	2	2	6	3	6	7	8	4	9	6	14	8	10	9	8	8	22	21	18	12	19	17	27	19	20	27	29	32	34	36	40	37	36	30	38	55	32	48	39	37	31	29	21	29	29	31	27	31	32	31	45	33	38	38	44	36	30	32	34	20	28	29	28	28	27	24	14	19	13	11	17	11	9	9	5	6	4	2	4	4	5	1	2	1	3	0	3	2	0	0	1	0	1	0	0	1	1	0	0	0	0	0	0	0	0	0	0	0	0	0	0	0	0
0	0	0	0	0	0	0	0	0	0	0	0	0	0	0	0	0	0	0	0	0	0	0	0	0	0	0	0	2	0	0	0	2	4	3	1	4	3	3	4	1	7	3	8	5	4	1	11	8	7	13	14	12	11	19	19	15	16	22	25	18	22	26	35	34	37	42	42	38	34	40	38	37	46	48	32	31	26	26	22	26	32	37	23	33	37	44	28	36	42	35	38	30	36	34	33	30	20	28	30	29	22	21	21	26	13	17	10	11	10	9	3	5	6	7	4	6	2	1	2	2	2	0	1	0	1	0	0	0	0	0	0	0	0	0	0	0	0	0	0	0	0	0	0	0	0	0	0	0	0
0	0	0	0	0	0	0	0	0	0	0	0	0	0	0	0	0	0	0	0	0	0	0	0	0	0	0	0	0	0	1	4	3	3	4	2	2	4	4	1	6	4	4	4	6	6	4	5	12	11	11	10	9	11	12	20	15	29	30	27	22	20	24	31	24	39	41	34	41	48	47	38	31	48	39	30	27	32	27	23	30	29	18	27	34	43	39	22	40	33	26	40	37	44	34	43	23	21	28	33	30	35	21	12	22	14	14	10	10	10	6	6	7	5	6	6	6	4	0	0	0	1	1	3	2	1	0	0	0	0	0	0	0	0	0	0	0	0	0	0	0	0	0	0	0	0	0	0	0	0
0	0	0	0	0	0	0	0	0	0	0	0	0	0	0	0	0	0	0	0	0	0	0	0	0	0	0	0	0	1	1	3	1	1	4	1	2	1	3	3	6	2	4	3	3	7	5	6	4	11	6	7	9	10	14	12	22	10	25	14	24	28	19	27	29	29	41	40	31	35	23	35	31	45	22	38	21	34	24	14	22	25	27	18	27	31	40	40	32	46	41	37	40	24	27	23	22	26	25	22	23	17	20	19	23	11	19	12	12	14	6	9	4	3	7	6	3	1	1	1	3	2	0	2	1	1	0	0	0	0	0	0	0	0	0	0	0	0	0	0	0	0	0	0	0	0	0	0	0	0
0	0	0	0	0	0	0	0	0	0	0	0	0	0	0	0	0	0	0	0	0	0	0	0	0	0	0	0	0	0	0	2	8	4	3	4	4	1	0	2	2	5	4	4	6	4	9	7	17	13	12	9	5	13	14	14	20	33	22	36	21	21	25	28	45	38	47	32	43	42	36	51	37	43	46	42	30	24	40	40	26	30	19	30	36	33	46	41	42	47	45	47	56	38	50	24	30	28	23	37	27	31	26	25	24	20	17	20	18	11	9	7	4	6	2	4	3	7	0	1	3	2	0	0	1	0	0	1	0	0	0	1	0	0	1	1	0	0	0	0	0	0	0	0	0	0	0	0	0	0
0	0	0	0	0	0	0	0	0	0	0	0	0	0	0	0	0	0	0	0	0	0	0	0	0	0	0	0	0	1	1	1	1	1	1	6	3	1	0	2	1	4	7	8	2	5	5	6	3	5	13	10	7	10	8	17	14	24	16	25	22	21	19	25	25	30	33	32	35	34	36	23	46	39	38	28	31	19	21	27	24	22	20	31	28	37	37	26	40	29	37	31	37	30	36	19	20	25	18	26	26	24	32	28	19	20	13	13	14	3	7	9	2	3	7	6	5	4	0	0	1	1	0	2	1	0	0	0	0	1	0	0	0	0	0	0	0	0	1	0	0	0	0	0	0	0	0	0	0	0
0	0	0	0	0	0	0	0	0	0	0	0	0	0	0	0	0	0	0	0	0	0	0	0	0	0	0	0	0	0	0	0	0	1	3	4	2	4	3	4	2	3	4	8	5	2	1	4	9	8	10	8	6	12	15	17	11	14	16	16	28	25	31	24	27	33	38	46	36	41	47	36	52	29	39	35	33	30	29	36	24	25	26	30	35	37	36	30	35	40	31	44	43	44	34	28	26	30	30	29	24	24	18	23	21	24	21	18	14	17	6	4	5	10	6	9	3	3	1	2	2	1	0	1	1	0	0	0	0	0	2	0	0	0	0	0	1	0	0	0	0	0	0	0	0	0	0	0	0	0
0	0	0	0	0	0	0	0	0	0	0	0	0	0	0	0	0	0	0	0	0	0	0	0	0	0	0	0	0	0	1	1	2	1	1	1	2	4	10	3	2	1	4	6	2	5	7	4	5	4	8	13	9	17	12	11	17	13	13	26	25	32	39	28	36	41	23	39	35	52	34	29	29	32	48	43	37	26	24	31	15	24	21	43	22	43	35	43	35	32	41	36	32	44	48	39	22	16	22	30	29	28	12	29	22	15	28	21	20	12	11	7	6	6	7	9	5	1	0	2	1	0	1	0	0	1	0	0	0	0	0	0	0	0	1	2	0	0	0	0	0	0	0	0	0	0	0	0	0	0
0	0	0	0	0	0	0	0	0	0	0	0	0	0	0	0	0	0	0	0	0	0	0	0	0	0	0	1	0	1	0	0	0	0	1	2	6	2	3	6	5	1	4	6	2	5	1	5	6	7	10	13	6	15	7	18	13	10	16	23	25	21	28	36	34	34	31	42	43	33	46	44	45	30	39	30	21	29	36	22	25	28	17	38	40	40	29	25	35	40	46	36	43	41	48	23	30	18	25	26	25	32	36	27	17	19	18	23	18	14	7	11	6	3	8	8	3	3	3	1	1	0	0	0	0	0	0	0	0	0	0	0	3	0	1	0	0	0	0	0	0	0	0	0	0	0	0	0	0	0
0	0	0	0	0	0	0	0	0	0	0	0	0	0	0	0	0	0	0	0	0	0	0	0	0	1	1	0	0	0	1	0	2	2	2	2	1	2	2	6	4	2	6	1	4	2	6	7	5	5	10	8	6	12	19	5	12	19	12	25	26	25	23	33	31	34	35	40	47	39	39	42	26	29	28	34	38	28	22	30	18	30	20	42	24	45	33	37	32	41	54	45	51	43	38	30	24	26	24	21	31	25	27	20	21	28	22	27	22	12	10	10	3	3	4	3	6	4	1	1	1	1	0	0	0	0	0	0	0	0	0	1	1	1	1	1	0	0	0	0	0	0	0	0	0	0	0	0	0	0
0	0	0	0	0	0	0	0	0	0	0	0	0	0	0	0	0	0	0	0	0	0	0	0	0	0	0	0	2	0	1	1	0	0	2	0	2	0	0	1	4	7	5	4	4	4	5	5	6	4	14	13	8	8	11	14	14	13	15	18	23	20	26	23	23	41	34	47	34	45	44	49	36	34	26	32	25	28	28	37	26	25	20	32	40	32	38	28	32	46	36	34	51	39	50	32	30	36	31	31	33	33	29	13	18	15	18	23	14	18	13	11	8	3	7	3	3	3	5	4	0	0	1	0	0	0	0	0	0	0	1	0	1	1	1	0	0	0	0	0	0	0	0	0	0	0	0	0	0	0
0	0	0	0	0	0	0	0	0	0	0	0	0	0	0	0	0	0	0	0	0	0	0	0	0	0	0	0	0	0	0	0	1	0	0	0	1	0	1	6	1	4	4	7	5	5	6	5	5	5	10	10	11	8	11	7	15	14	11	23	21	21	28	16	37	32	30	37	33	41	36	45	48	32	21	36	39	27	33	36	30	30	21	38	38	29	40	30	32	42	52	28	35	34	44	37	37	40	23	29	29	30	40	18	13	22	25	20	15	14	9	7	16	4	5	9	3	2	3	0	0	2	1	0	1	0	0	0	0	0	0	3	1	1	0	0	0	0	0	0	0	0	0	0	0	0	0	0	0	0
0	0	0	0	0	0	0	0	0	0	0	0	0	0	0	0	0	0	0	0	0	0	0	0	0	0	0	0	0	1	0	1	0	2	1	0	1	0	3	2	1	2	3	4	6	3	6	7	10	4	9	6	9	10	10	10	9	7	9	15	21	20	22	21	32	27	21	22	41	40	34	22	37	39	29	37	24	35	25	29	33	19	23	28	26	24	32	35	31	30	35	32	35	44	39	31	43	26	34	17	19	24	29	19	28	15	14	23	18	16	11	6	7	4	3	4	6	2	1	7	0	1	0	0	0	0	0	0	0	0	2	0	1	1	0	0	0	0	0	0	0	0	0	0	0	0	0	0	0	0
0	0	0	0	0	0	0	0	0	0	0	0	0	0	0	0	0	0	0	0	0	0	0	0	0	0	0	0	0	0	1	0	1	2	0	1	6	1	3	1	3	4	4	3	1	3	3	2	6	6	8	6	7	9	17	14	14	15	17	21	16	28	27	18	29	29	30	35	37	36	39	45	25	35	35	47	30	36	34	31	34	20	40	29	30	28	30	32	32	38	50	52	42	39	40	37	28	41	36	26	24	20	35	32	19	17	19	17	18	19	11	10	4	6	10	4	3	3	2	3	1	0	1	0	1	1	0	0	0	0	1	0	0	0	1	1	0	0	0	0	0	0	0	0	0	0	0	0	0	0
0	0	0	0	0	0	0	0	0	0	0	0	0	0	0	0	0	0	0	0	0	0	0	0	0	0	1	1	2	1	1	4	1	1	1	2	2	0	0	1	2	0	6	6	3	4	6	1	9	7	5	10	14	11	11	18	11	12	11	12	14	22	23	32	24	34	22	30	42	39	34	44	33	30	26	45	37	38	30	25	25	34	35	33	30	20	23	36	48	46	44	27	58	40	48	46	30	31	29	28	28	24	30	36	25	21	18	16	14	8	17	10	12	3	5	4	6	2	4	3	0	0	1	0	0	0	0	2	3	0	0	0	0	0	0	0	0	0	0	0	0	0	0	0	0	0	0	0	0	0
0	0	0	0	0	0	0	0	0	0	0	0	0	0	0	0	0	0	0	0	0	0	0	0	0	0	0	0	0	0	0	1	1	2	1	3	0	0	0	5	8	3	5	2	6	7	4	4	1	7	4	7	8	14	12	8	9	13	16	23	18	21	22	30	25	33	25	27	34	32	43	31	37	31	32	39	32	33	36	44	30	27	33	34	35	25	35	22	41	28	37	49	48	35	41	41	35	48	21	40	27	19	28	28	29	24	22	21	17	12	12	14	8	1	9	9	5	6	5	3	0	1	0	0	0	0	1	1	2	0	0	0	0	0	0	0	0	0	0	0	0	0	0	0	0	0	0	0	0	0
0	0	0	0	0	0	0	0	0	0	0	0	0	0	0	0	0	0	0	0	0	0	0	0	0	0	0	0	0	0	2	0	0	0	2	2	2	2	1	1	8	4	4	1	4	6	2	3	2	4	3	6	9	12	17	11	12	15	10	12	18	23	17	27	30	29	27	31	37	34	31	37	33	38	46	40	40	30	37	20	31	28	36	17	28	33	30	42	24	39	44	38	39	44	33	45	42	42	38	26	37	24	28	24	32	26	29	26	20	23	7	7	8	3	3	9	3	6	1	1	2	0	0	0	0	1	0	0	1	0	0	0	0	4	1	0	0	0	0	0	0	0	0	0	0	0	0	0	0	0
0	0	0	0	0	0	0	0	0	0	0	0	0	0	0	0	0	0	0	0	0	0	0	0	0	0	0	0	1	0	1	0	1	2	2	0	4	2	2	3	2	1	4	1	3	6	4	5	5	2	5	2	9	13	12	13	9	12	9	17	12	19	25	20	29	45	34	22	24	27	36	33	30	30	38	30	30	44	40	38	30	34	30	28	31	33	27	31	29	49	36	47	35	41	41	42	46	37	43	37	38	21	14	28	26	18	30	30	21	18	11	12	12	4	5	4	6	4	7	2	2	3	1	0	0	0	0	0	0	0	0	0	0	0	1	0	1	1	0	0	1	0	0	0	0	0	0	0	0	0
0	0	0	0	0	0	0	0	0	0	0	0	0	0	0	0	0	0	0	0	0	0	0	0	0	0	0	0	1	0	1	0	0	1	3	3	0	0	0	1	4	6	0	3	5	4	4	4	3	3	4	5	14	9	12	14	11	13	8	7	15	18	22	23	27	34	35	32	40	37	29	39	38	34	23	23	38	31	30	33	24	36	36	32	27	41	23	36	33	33	51	40	28	41	45	43	42	45	40	37	27	37	27	25	26	28	22	25	15	24	17	10	7	4	3	9	7	1	5	3	0	2	0	1	0	0	0	0	0	0	0	0	0	3	0	0	1	1	0	0	0	0	0	0	0	0	0	0	0	0
0	0	0	0	0	0	0	0	0	0	0	0	0	0	0	0	0	0	0	0	0	0	0	0	0	0	0	0	1	1	2	2	1	1	1	1	0	0	0	0	0	1	4	3	2	3	5	8	3	3	5	10	14	6	11	9	15	16	14	12	12	19	23	18	28	39	34	30	33	35	33	27	25	27	31	30	38	23	33	45	32	37	30	30	31	47	31	33	46	36	35	45	37	40	38	41	41	35	39	35	29	26	34	35	26	17	19	21	19	20	17	9	12	3	9	7	7	3	7	3	2	0	1	0	0	0	1	0	0	0	0	0	0	3	1	0	0	0	0	0	0	0	0	0	0	0	0	0	0	0
0	0	0	0	0	0	0	0	0	0	0	0	0	0	0	0	0	0	0	0	0	0	0	0	0	0	0	0	0	0	0	0	1	0	0	0	0	1	1	6	1	1	4	3	4	1	4	5	7	2	5	7	13	7	14	11	13	18	11	11	22	13	14	18	25	31	36	34	32	31	33	34	30	32	32	31	36	23	35	26	33	40	35	42	23	37	33	31	40	42	38	36	37	37	35	50	40	38	35	24	25	43	33	26	39	26	30	18	15	22	18	14	6	6	5	8	5	4	2	5	4	1	1	1	0	1	0	0	0	0	0	0	0	1	1	1	1	1	0	0	0	0	0	0	0	0	0	0	0	0
0	0	0	0	0	0	0	0	0	0	0	0	0	0	0	0	0	0	0	0	0	0	0	0	0	0	0	0	0	0	0	0	1	1	3	1	2	0	2	0	1	0	1	1	1	5	4	2	4	7	5	1	9	9	12	9	15	12	14	11	15	16	9	23	23	31	34	18	23	25	33	29	29	32	34	25	30	29	25	21	42	25	27	39	29	24	29	36	31	32	32	26	39	30	30	32	33	32	33	38	32	24	31	41	24	26	25	14	18	14	12	16	11	4	10	8	6	0	2	5	2	0	0	0	0	0	0	0	0	0	0	0	0	0	0	0	3	0	1	0	0	0	0	0	0	0	0	0	0	0
0	0	0	0	0	0	0	0	0	0	0	0	0	0	0	0	0	0	1	0	0	0	0	0	0	0	0	0	0	1	0	0	2	0	1	0	2	0	3	1	1	2	1	4	4	2	1	5	2	5	7	5	13	19	6	18	17	13	23	13	13	15	21	21	21	24	41	24	29	35	34	34	36	36	37	51	30	39	27	39	34	35	41	32	51	33	34	41	41	37	47	51	37	47	39	36	50	48	51	34	38	32	39	33	38	31	27	27	17	28	23	19	13	7	4	10	8	3	5	2	4	1	0	0	1	0	0	0	0	0	0	0	0	0	0	0	0	0	0	0	0	0	0	0	0	0	0	0	0	0
0	0	0	0	0	0	0	0	0	0	0	0	0	0	0	0	0	0	0	0	0	0	0	0	0	0	0	0	1	0	1	1	0	0	0	1	3	2	1	1	2	1	0	2	0	4	3	1	2	2	3	7	6	7	7	17	10	10	10	9	13	16	21	21	17	20	24	21	23	33	38	25	26	27	25	32	35	34	20	34	27	36	44	31	26	28	19	32	30	39	33	30	35	50	33	31	31	35	33	28	32	32	28	31	31	31	15	14	15	16	25	20	10	6	5	6	5	3	3	1	4	0	1	1	0	0	0	0	0	0	0	0	0	0	0	0	0	0	0	0	0	0	0	0	0	0	0	0	0	0
0	0	0	0	0	0	0	0	0	0	0	0	0	0	0	0	0	0	0	0	0	0	0	0	0	0	0	0	0	0	0	0	0	0	3	2	0	0	0	0	1	4	0	0	3	3	6	3	0	2	2	1	5	10	14	11	15	13	19	17	24	15	13	25	23	34	24	30	32	19	28	30	33	27	40	36	25	45	33	26	27	35	32	35	35	40	29	35	34	36	27	41	37	45	39	54	30	39	37	36	48	40	33	26	27	23	20	25	30	22	25	20	8	8	9	2	6	9	1	1	2	1	2	1	0	0	0	0	0	0	0	0	0	0	0	0	0	0	0	0	0	0	0	0	0	0	0	0	0	0
0	0	0	0	0	0	0	0	0	0	0	0	0	0	0	0	0	0	0	0	0	0	0	0	0	0	0	0	2	3	1	3	1	0	1	1	0	1	1	1	1	2	1	1	2	2	3	3	6	4	5	3	6	15	13	12	20	11	10	14	16	11	14	20	19	17	28	17	32	36	24	31	26	31	22	22	40	40	41	36	35	30	32	32	49	37	34	35	33	33	34	40	40	54	41	43	33	36	42	53	38	35	30	13	21	32	36	29	28	25	24	16	6	7	5	1	10	4	5	3	1	1	1	0	0	0	0	0	0	0	0	0	0	0	0	0	0	0	0	0	0	0	0	0	0	0	0	0	0	0
0	0	0	0	0	0	0	0	0	0	0	0	0	0	0	0	0	0	0	0	0	0	0	0	0	0	0	0	0	1	2	3	3	0	1	0	2	1	2	2	1	2	3	2	1	2	2	3	7	9	2	2	7	16	9	9	10	13	17	14	13	9	18	24	14	23	29	33	22	27	22	40	30	25	28	27	30	30	35	34	22	32	35	47	38	36	35	40	46	34	37	31	30	45	42	43	39	51	51	42	40	30	31	22	16	27	33	22	25	16	25	25	11	5	2	4	11	5	7	3	1	1	1	1	0	1	0	0	0	0	0	0	1	0	1	1	0	0	0	0	0	0	0	0	0	0	0	0	0	0
0	0	0	0	0	0	0	0	0	0	0	0	0	0	0	0	0	0	0	0	0	0	0	0	0	0	0	0	0	0	1	0	1	2	1	1	0	2	1	2	3	0	2	2	1	1	5	2	4	1	2	7	13	11	10	10	10	13	21	11	13	17	13	12	23	24	28	22	32	25	31	26	35	34	26	17	30	40	36	25	24	41	34	40	47	46	46	38	33	28	32	33	31	37	36	45	40	37	47	55	41	44	23	26	30	22	28	24	28	25	18	21	14	11	7	4	9	4	3	1	4	0	0	1	0	0	0	0	0	0	1	0	0	0	0	0	0	0	0	0	0	0	0	0	0	0	0	0	0	0
0	0	0	0	0	0	0	0	0	0	0	0	0	0	0	0	0	0	0	0	0	0	0	0	1	1	0	0	0	1	0	0	1	2	1	1	0	1	1	2	0	1	1	2	5	3	1	4	2	4	9	8	10	7	3	11	6	14	14	6	16	19	17	17	18	34	27	26	25	30	30	36	29	26	26	23	23	31	29	21	33	40	33	40	44	34	33	43	38	38	37	35	30	29	39	38	45	38	37	45	36	41	41	40	29	34	31	19	21	32	18	21	18	6	9	6	8	5	7	2	1	2	1	1	1	0	0	0	0	0	0	0	0	0	0	0	0	0	0	0	0	0	0	0	0	0	0	0	0	0
0	0	0	0	0	0	0	0	0	0	0	0	0	0	0	0	0	0	0	0	0	0	0	0	0	0	0	1	0	1	0	0	0	1	1	1	0	2	2	2	0	1	2	1	4	4	4	2	3	8	4	5	4	6	10	5	9	12	15	14	22	11	21	18	16	15	27	14	28	24	22	30	34	35	32	29	31	31	21	26	24	40	42	34	30	40	38	46	42	37	38	39	33	29	36	44	39	43	41	38	48	42	30	27	33	37	36	32	25	16	25	24	14	12	6	7	11	5	7	1	0	1	0	0	1	1	1	0	0	0	0	0	0	0	0	0	0	0	0	0	0	0	0	0	0	0	0	0	0	0
0	0	0	0	0	0	0	0	0	0	0	0	0	0	0	0	0	0	0	0	0	0	1	0	1	0	1	0	0	0	0	0	0	2	2	3	0	0	3	1	1	1	1	2	0	2	3	3	3	5	6	1	3	8	8	9	6	4	11	9	13	18	20	19	20	13	17	15	18	25	16	19	32	21	21	28	28	36	36	30	26	24	34	37	41	38	35	21	36	33	23	39	40	41	40	37	38	24	38	32	42	27	30	30	28	32	27	27	20	26	17	18	19	10	7	2	5	4	7	4	1	1	2	0	0	0	0	0	0	0	0	0	0	0	0	0	0	0	0	0	0	0	0	0	0	0	0	0	0	0
0	0	0	0	0	0	0	0	0	0	0	0	0	0	0	0	0	0	0	0	0	0	0	0	0	0	0	0	0	0	0	0	1	1	0	0	2	4	0	0	1	1	1	2	0	2	1	2	5	6	1	11	6	3	5	6	8	5	15	15	16	29	17	11	25	26	20	25	17	16	24	20	23	26	25	25	42	30	31	36	34	25	33	37	50	40	44	38	35	35	31	35	44	40	42	49	50	36	35	39	37	37	41	29	28	31	23	27	33	30	25	25	15	9	13	12	9	13	4	3	0	0	0	2	0	0	0	0	0	0	0	0	0	0	0	0	0	0	0	0	0	0	0	0	0	0	0	0	0	0
0	0	0	0	0	0	0	0	0	0	0	0	0	0	0	0	0	0	0	0	0	0	0	0	0	0	0	0	0	1	0	2	1	3	1	5	0	1	0	0	4	1	1	2	1	3	4	6	1	3	1	4	4	4	7	5	7	11	11	16	15	12	28	15	14	27	16	20	19	21	18	28	29	28	26	17	33	33	30	46	32	35	25	42	47	34	38	49	37	34	36	41	47	35	42	39	43	37	42	38	47	49	23	28	26	34	25	26	27	22	23	19	20	21	12	7	7	12	10	7	2	2	1	0	0	0	0	0	0	0	0	0	0	0	0	0	0	0	0	0	0	0	0	0	0	0	0	0	0	0
0	0	0	0	0	0	0	0	0	0	0	0	0	0	0	0	0	0	0	0	0	0	0	0	0	2	0	1	0	0	1	0	0	0	0	0	0	2	3	3	0	1	0	1	5	2	0	2	4	2	3	4	4	3	9	5	10	4	16	13	23	16	18	22	16	25	15	23	21	15	17	17	19	29	28	23	29	40	41	43	34	36	37	43	45	23	33	42	30	34	41	39	44	50	46	47	46	37	39	42	49	27	28	29	19	22	28	35	23	28	22	28	22	10	13	14	10	10	11	7	1	1	0	0	0	0	1	0	0	0	0	0	0	0	0	0	0	0	0	0	0	0	0	0	0	0	0	0	0	0
0	0	0	0	0	0	0	0	0	1	0	0	1	0	0	0	0	0	0	0	0	2	0	1	1	1	0	0	0	2	2	0	1	0	0	3	4	3	1	0	0	1	0	1	1	4	1	2	3	3	3	5	7	7	5	4	11	13	10	14	16	21	12	10	22	17	23	17	22	14	22	23	21	19	30	24	29	33	45	40	31	41	44	38	31	29	29	32	30	34	31	40	38	34	43	57	42	56	42	41	43	53	36	31	29	25	23	40	19	30	16	20	24	16	6	18	14	8	7	4	1	2	1	0	0	0	0	0	0	0	0	0	0	0	0	0	0	0	0	0	0	0	0	0	0	0	0	0	0	0
0	0	0	0	0	0	0	0	0	0	0	0	0	0	0	0	0	0	0	0	0	0	0	0	1	0	0	1	0	0	0	1	2	0	0	2	2	0	1	3	0	0	0	0	1	4	3	4	3	5	1	3	3	6	8	7	10	7	16	11	12	18	25	17	17	23	12	13	32	26	22	12	27	19	29	28	35	38	41	31	40	33	33	38	37	36	31	24	35	46	38	42	47	42	47	36	44	31	40	42	34	45	38	29	22	40	25	36	28	28	26	22	22	11	14	6	6	7	8	9	2	3	0	0	2	0	0	0	0	0	0	0	0	0	0	0	0	0	0	0	0	0	0	0	0	0	0	0	0	0
0	0	0	0	0	0	0	0	0	0	0	0	0	0	0	0	0	0	0	0	0	0	0	0	0	1	0	1	1	0	0	1	0	2	1	1	2	0	1	1	1	0	2	3	1	0	2	3	4	3	7	4	2	5	8	7	6	12	13	14	12	20	21	10	13	18	21	15	23	19	28	18	24	21	17	20	37	37	37	33	20	38	25	33	43	39	33	41	41	44	32	38	48	38	40	41	32	48	58	49	40	45	35	35	41	36	27	27	23	20	23	21	13	21	10	10	9	13	12	4	4	3	0	0	0	0	0	0	0	0	0	0	0	0	0	0	0	0	0	0	0	0	0	0	0	0	0	0	0	0
0	0	0	0	0	0	0	0	0	0	0	0	0	0	1	0	1	0	0	0	0	0	1	0	0	0	0	0	0	0	1	1	1	2	0	2	1	4	0	2	1	0	2	1	1	0	1	0	2	2	4	5	4	4	5	8	14	13	9	16	15	13	18	20	18	25	18	16	14	11	12	19	22	22	23	18	31	27	26	43	47	41	35	26	29	34	32	32	40	34	46	27	42	37	40	46	50	55	49	36	53	45	38	50	26	27	42	32	18	21	21	25	23	20	15	9	12	4	5	8	6	3	4	1	0	0	0	0	1	0	0	0	0	0	0	0	0	0	0	0	0	0	0	0	0	0	0	0	0	0
0	0	0	0	0	0	0	0	0	0	0	0	0	0	0	0	0	0	0	0	0	0	0	0	0	0	0	1	1	0	0	0	1	0	1	1	1	4	0	3	0	0	1	1	1	1	2	2	3	6	6	5	2	5	7	7	7	3	11	13	19	16	7	16	12	15	22	22	22	15	16	21	18	19	18	25	31	27	42	36	20	31	33	43	27	34	35	47	41	43	31	33	27	35	39	35	38	46	68	57	57	63	35	36	34	21	40	24	24	24	19	22	24	15	15	13	8	13	7	12	9	3	5	2	2	0	0	0	0	0	0	0	0	0	0	0	0	0	0	0	0	0	0	0	0	0	0	0	0	0
0	0	0	0	0	0	0	0	0	0	0	0	0	0	0	0	0	0	0	0	0	0	0	0	0	0	0	0	2	1	0	0	1	1	0	0	0	0	0	0	1	1	0	2	1	1	1	2	6	5	5	6	1	5	4	6	6	12	6	8	13	17	18	15	11	16	22	14	12	14	12	17	13	25	12	18	22	25	28	37	47	30	23	27	28	27	32	27	38	35	40	27	26	31	35	20	38	32	49	52	47	47	36	31	24	29	35	23	26	14	19	20	31	18	17	21	8	8	10	11	9	0	2	7	0	0	1	1	1	0	1	0	0	0	0	0	0	0	0	0	0	0	0	0	0	0	0	0	0	0
0	0	0	0	0	0	0	0	0	0	0	0	0	0	0	0	0	0	0	0	0	0	0	0	0	0	0	0	2	1	0	1	0	0	0	0	0	1	3	1	2	1	0	2	0	2	1	3	3	3	4	2	4	3	5	5	5	6	15	16	25	26	14	15	25	17	30	16	17	15	11	18	20	28	18	24	28	26	44	35	37	41	50	45	34	40	45	23	38	56	56	36	45	36	43	41	48	42	61	52	46	37	53	34	32	27	40	25	44	23	42	15	26	26	24	19	20	8	15	12	5	7	3	1	3	1	2	1	1	1	1	0	0	0	0	0	0	0	0	0	0	0	0	0	0	0	0	0	0	0
0	0	0	0	0	0	0	0	0	0	0	0	0	0	0	0	0	0	0	0	0	0	0	0	0	0	0	0	1	1	0	1	0	0	0	1	0	0	0	2	0	0	3	1	2	1	2	2	2	3	2	3	2	7	5	5	4	3	10	13	10	12	11	23	15	17	16	10	20	12	18	23	16	14	12	26	20	27	38	33	20	23	32	38	32	25	41	26	35	27	46	33	40	36	28	32	38	30	47	44	37	25	41	30	27	23	40	26	25	28	29	14	22	22	16	16	15	12	8	7	5	8	1	4	1	1	1	0	0	0	0	1	0	0	0	0	0	0	0	0	0	0	0	0	0	0	0	0	0	0
0	0	0	0	0	0	0	0	0	0	0	0	0	0	0	0	0	0	0	0	0	0	0	0	0	0	0	0	0	0	0	0	0	0	2	1	0	0	1	1	1	1	1	0	1	0	2	3	3	3	6	5	1	3	3	7	5	9	11	13	22	19	14	14	9	12	12	18	25	13	13	19	17	22	18	28	30	28	33	41	36	40	42	39	41	32	38	22	35	34	38	50	40	30	34	34	30	39	49	54	40	40	46	24	37	42	33	31	40	27	25	20	21	26	16	15	13	14	14	3	12	7	2	0	0	1	1	0	1	1	0	0	0	1	0	1	3	0	0	0	0	0	0	0	0	0	0	0	0	0
0	0	0	0	1	0	0	0	0	0	0	0	0	0	0	0	0	0	0	0	0	0	0	0	0	0	0	0	0	0	1	1	0	0	0	1	0	1	1	0	0	2	2	0	2	1	2	1	0	4	7	1	2	5	8	7	7	8	16	12	15	9	13	10	13	15	13	10	20	14	26	16	24	12	21	24	29	31	29	36	26	37	29	40	44	39	40	41	32	33	39	44	43	28	24	34	40	45	51	65	48	46	37	38	44	23	27	32	35	31	27	16	27	22	18	17	16	12	12	5	11	7	3	0	2	2	1	0	1	0	0	0	0	0	0	0	0	0	0	0	0	0	0	0	0	0	0	0	0	0
0	0	0	0	0	0	0	0	0	0	0	0	0	0	0	0	0	0	0	0	0	0	0	0	0	0	0	0	0	0	0	0	1	0	0	1	1	0	1	1	1	1	2	1	1	4	2	2	1	5	5	2	7	4	4	8	6	7	16	9	13	23	12	15	9	14	7	13	21	21	23	20	13	22	29	31	19	41	34	38	32	33	26	37	27	35	34	30	31	46	52	55	27	32	31	38	37	34	52	44	49	45	42	30	31	36	41	26	29	27	23	17	22	23	18	13	12	14	17	13	10	5	6	1	7	1	2	2	0	0	1	1	0	0	0	0	0	0	0	0	0	0	0	0	0	0	0	0	0	0
0	0	0	0	0	0	0	0	0	0	0	0	0	0	0	0	0	1	0	1	0	0	0	0	0	0	0	0	0	0	0	0	0	0	0	2	1	1	2	0	1	0	0	3	2	0	2	4	3	8	4	2	7	7	7	6	8	9	8	11	19	18	20	9	11	19	16	8	8	12	13	18	15	13	20	28	38	37	32	46	31	26	24	34	25	39	43	40	45	38	38	53	42	25	35	41	33	40	41	56	46	42	51	46	39	22	26	38	34	17	16	20	14	17	15	21	14	12	18	16	6	7	4	9	4	1	0	1	1	0	1	1	0	1	0	0	0	0	0	0	0	0	0	0	0	0	0	0	0	0
0	0	0	0	0	0	0	0	0	0	0	0	0	0	0	0	0	0	0	0	0	0	0	0	0	1	0	0	0	1	2	0	1	1	0	0	1	1	1	0	0	0	1	1	1	2	2	5	1	4	8	3	5	4	9	3	5	7	12	16	13	18	14	9	11	11	17	3	12	10	14	23	9	19	25	34	22	34	40	46	34	33	25	23	29	31	31	37	41	50	49	51	46	35	41	30	35	41	64	53	49	43	35	33	33	37	34	29	36	26	22	17	14	18	15	22	8	12	15	8	8	6	4	5	5	6	1	0	0	1	0	1	0	0	0	0	0	0	0	0	0	0	0	0	0	0	0	0	0	0
0	0	0	0	0	0	0	0	0	0	0	0	0	0	0	0	0	0	0	0	0	0	0	0	0	0	0	0	1	0	0	0	0	1	0	2	1	1	3	1	0	0	2	2	4	4	1	2	5	4	8	3	8	7	4	9	10	10	6	16	14	11	11	11	8	15	9	12	12	8	8	17	13	11	12	17	38	33	44	32	29	45	28	31	32	38	43	25	37	39	48	50	41	34	38	38	42	44	50	61	50	45	45	32	31	45	26	24	28	29	17	19	13	20	5	26	19	14	13	12	14	8	7	4	3	4	2	2	1	0	0	0	0	0	0	1	0	1	0	0	0	0	0	0	0	0	0	0	0	0
0	0	0	0	0	0	0	0	0	0	0	0	0	0	0	0	0	0	0	0	0	0	0	0	0	0	0	0	0	0	0	0	0	0	0	2	1	1	0	1	2	2	1	1	2	3	5	4	6	7	6	2	1	5	3	4	5	5	11	17	18	14	5	12	11	7	14	12	9	5	10	15	11	14	17	22	25	32	18	34	38	34	30	21	32	38	24	36	38	33	29	37	37	39	35	44	34	31	49	47	43	50	28	22	31	39	28	29	32	21	17	15	5	13	13	16	15	8	15	11	12	6	6	3	3	7	2	3	0	1	1	1	0	0	2	1	0	0	0	0	0	0	0	0	0	0	0	0	0	0
0	0	0	0	0	0	0	0	0	0	0	0	0	0	0	0	0	0	0	1	0	0	0	0	0	0	0	0	0	0	0	0	0	0	0	0	1	1	0	0	3	2	0	2	1	9	6	11	5	3	4	4	9	6	2	9	8	11	7	19	14	21	16	13	16	17	12	15	14	7	17	19	13	16	23	39	32	35	46	39	43	50	39	45	28	23	46	43	41	54	43	71	51	47	43	41	45	56	45	63	62	65	49	37	42	49	44	34	50	43	37	18	19	16	23	35	14	17	13	9	10	12	3	7	10	4	7	5	3	1	1	0	1	0	1	1	0	0	0	0	1	0	0	0	0	0	0	0	0	0
