0	0	0	0	0	0	0	0	0	0	0	0	0	0	0	0	0	0	0	0	0	0	0	0	0	0	0	0	0	0	0	0	0	0	0	0	0	0	0	0	0	0	0	0	0	0	0	0	0	0	0	0	0	0	0	0	0	0	0	0	1	3	0	1	4	0	6	4	11	5	15	15	11	22	23	14	12	19	16	15	21	32	32	26	21	23	28	33	29	22	32	31	41	36	37	44	61	46	37	55	42	35	59	38	34	51	45	66	50	57	48	40	36	31	38	30	22	13	29	35	28	34	23	16	34	13	32	6	8	14	18	8	4	0	6	3	4	2	1	2	0	0	0	1	1	0	0	1	0	0
0	0	0	0	0	0	0	0	0	0	0	0	0	0	0	0	0	0	0	0	0	0	0	0	0	0	0	0	0	0	0	0	0	0	0	0	0	0	0	0	0	0	1	0	0	0	0	0	0	0	0	0	1	0	0	0	1	0	2	4	2	0	0	4	5	3	4	5	6	6	4	18	13	16	16	16	16	24	19	24	20	26	17	15	17	17	26	21	20	21	16	41	33	43	38	45	47	45	54	38	52	41	36	35	49	41	38	56	54	55	46	41	40	25	19	25	18	13	22	24	25	26	17	19	20	24	19	14	12	17	7	3	0	4	2	3	3	0	0	0	1	1	1	2	1	2	2	0	0	0
0	0	0	0	0	0	0	0	0	0	0	1	0	0	0	0	0	0	0	0	0	0	0	0	0	0	0	0	0	0	0	0	1	0	0	0	0	0	0	0	0	0	0	0	0	0	0	0	0	0	1	0	0	0	1	0	0	2	1	2	2	2	0	1	2	1	3	5	8	7	16	12	12	13	22	17	20	20	25	26	27	14	20	14	22	17	26	23	22	20	32	40	32	20	55	37	42	53	48	43	41	38	39	39	50	53	46	55	48	43	45	33	32	19	26	35	17	16	26	30	34	17	23	24	11	21	17	12	14	8	6	5	2	7	3	2	3	2	0	2	1	0	0	0	0	0	0	0	0	0
0	0	0	0	0	0	0	0	0	0	0	0	0	0	0	0	0	0	0	0	0	0	0	0	0	0	0	0	0	0	0	0	0	0	0	0	0	0	0	0	1	0	0	0	0	0	0	0	1	0	1	0	0	1	2	3	1	0	0	0	1	2	4	4	6	2	7	4	9	8	7	15	20	9	25	27	17	26	25	18	19	16	20	11	18	28	23	38	42	24	25	31	37	40	48	39	41	44	45	45	33	46	46	45	40	47	49	51	32	39	46	27	37	26	27	21	27	26	25	23	30	23	13	20	12	15	20	11	12	13	6	4	2	1	5	3	3	0	1	1	1	0	0	0	0	2	1	1	1	0
0	0	0	0	0	0	0	0	0	0	0	0	1	0	0	0	0	0	0	0	0	0	1	0	0	0	0	0	0	0	0	0	0	0	0	0	0	0	0	0	0	1	0	0	0	0	0	0	0	0	0	1	0	1	0	0	1	2	0	0	2	0	1	2	1	2	13	8	8	9	8	10	19	14	17	29	21	23	26	20	26	17	23	26	18	20	28	29	35	23	27	38	50	37	51	36	36	47	33	38	34	44	46	50	43	43	58	65	42	45	35	29	27	24	19	32	28	29	36	17	23	19	16	14	14	16	17	13	7	8	5	10	3	1	0	2	0	0	0	0	2	5	0	0	0	0	0	1	3	0
0	0	0	0	0	0	0	0	0	0	0	0	0	0	0	0	0	0	0	0	0	0	0	0	0	0	0	0	0	0	0	0	0	0	0	0	0	0	0	1	0	0	0	0	0	0	2	0	0	0	1	0	1	0	0	0	0	1	1	0	3	1	2	4	0	6	6	7	4	13	5	8	8	20	19	14	22	16	25	21	24	19	17	13	19	21	21	26	31	38	37	35	38	31	44	29	35	31	39	28	43	39	25	46	49	49	44	49	27	50	34	27	24	28	27	26	18	20	16	30	28	19	14	11	7	18	11	5	9	7	2	6	4	2	0	0	1	0	1	0	0	1	1	2	1	1	0	0	1	1
0	0	0	0	0	0	0	0	0	0	0	0	0	0	0	0	0	0	0	0	0	0	0	0	0	0	0	0	0	0	1	1	0	0	0	0	0	0	1	0	0	0	1	0	0	0	0	1	0	0	0	1	0	0	0	0	2	0	1	1	7	2	5	2	3	6	6	5	12	10	19	17	10	18	15	27	23	32	35	16	25	18	29	22	15	24	40	39	27	29	44	37	44	44	67	40	48	52	45	40	46	50	41	49	51	55	47	58	59	42	51	39	30	30	33	24	28	25	21	29	30	21	18	14	15	22	12	11	13	5	3	10	1	0	1	0	1	1	0	0	3	1	4	3	2	1	0	0	0	0
0	0	0	0	0	0	0	0	0	0	0	0	0	0	0	0	0	0	0	0	0	0	0	0	0	0	0	0	0	0	0	0	0	0	0	0	0	0	0	0	0	0	0	0	0	0	0	0	0	1	0	1	0	1	0	0	0	2	1	1	1	4	3	4	3	3	7	6	7	14	10	9	13	17	14	18	12	18	22	26	18	25	20	21	32	14	20	34	20	20	25	41	43	37	42	45	36	29	31	42	46	36	48	31	51	43	43	44	31	41	30	34	19	23	22	21	25	24	24	29	16	17	10	12	7	12	10	5	8	9	8	4	0	0	1	1	0	1	0	2	2	3	1	0	2	1	0	0	0	0
0	0	0	0	0	0	0	0	0	0	0	0	0	0	0	0	0	0	0	0	0	0	0	0	0	0	0	0	0	0	0	0	1	0	0	0	0	0	0	0	0	0	0	0	0	0	0	1	1	1	1	0	1	0	0	2	1	0	2	3	2	2	1	3	6	4	5	6	13	11	17	12	14	18	25	25	20	24	28	25	19	18	20	27	31	26	24	26	32	35	31	30	32	50	43	61	33	33	29	51	39	47	42	50	58	35	47	47	48	40	24	36	23	27	24	32	27	44	26	27	21	12	19	15	21	15	8	6	4	8	8	4	2	1	0	0	0	3	4	1	1	2	2	0	0	0	0	0	0	0
0	0	0	0	0	0	0	0	0	0	0	0	0	0	0	0	0	0	0	0	0	0	0	0	0	0	0	0	0	0	0	0	0	0	0	1	1	1	1	0	0	0	0	0	0	0	0	1	2	1	0	0	2	1	1	2	1	0	3	1	3	0	2	2	2	4	7	8	9	14	21	16	14	20	23	14	21	30	18	19	31	24	27	19	26	23	21	27	30	31	51	46	45	24	48	45	35	48	39	34	29	42	39	45	56	37	55	41	56	39	39	24	27	30	28	24	35	28	32	23	19	23	17	14	17	11	6	4	3	5	6	6	1	1	0	3	1	2	2	1	4	0	1	0	0	0	0	0	0	0
0	0	0	0	0	0	0	0	0	0	0	0	0	0	0	0	0	0	0	0	0	0	0	0	0	0	0	0	0	0	0	0	2	1	2	0	1	0	0	1	1	0	1	0	1	1	1	0	0	2	0	0	0	0	0	1	0	1	0	0	3	5	2	3	5	6	6	4	8	13	17	20	14	16	25	27	18	31	23	22	23	11	16	22	18	23	27	27	42	37	47	40	47	39	40	52	45	40	42	45	45	39	39	48	55	34	42	45	37	32	35	29	17	23	29	30	41	32	20	24	20	19	14	23	16	8	11	5	2	9	5	2	0	0	3	1	3	3	3	2	0	1	0	0	0	0	0	0	0	0
0	0	0	0	0	0	0	0	0	0	0	0	0	0	0	0	0	0	0	0	0	0	0	0	0	0	0	0	0	0	0	0	2	1	2	0	0	0	1	0	0	1	0	0	1	0	0	0	0	0	0	0	1	0	0	0	0	2	2	1	5	2	4	5	7	7	9	9	14	11	16	17	19	16	23	17	23	29	25	29	28	10	16	24	21	25	37	24	27	31	43	47	35	44	50	36	37	32	48	61	46	37	45	45	38	51	36	49	42	25	35	32	26	30	25	30	28	36	32	16	25	11	16	13	11	15	4	5	1	7	7	1	3	0	0	1	2	3	0	0	0	0	0	0	0	0	0	0	0	0
0	0	0	0	0	0	0	0	0	0	0	0	0	0	0	0	0	0	0	0	0	0	0	0	0	0	0	0	0	0	0	0	2	3	1	0	0	0	0	1	0	1	0	0	0	0	1	0	0	0	0	0	1	0	1	0	4	2	4	0	1	1	2	4	6	9	13	6	11	16	14	9	16	17	13	24	25	26	25	28	26	29	25	23	27	23	23	27	39	38	45	48	42	36	32	44	43	41	49	42	43	43	34	60	33	36	51	45	49	44	31	26	31	27	29	26	28	34	31	19	12	12	9	17	10	17	8	6	4	2	1	2	3	1	2	2	3	1	0	0	0	0	0	0	0	0	0	0	0	0
0	0	0	0	0	0	0	0	0	0	0	0	0	0	0	0	0	0	0	0	0	0	0	0	0	1	0	0	0	0	0	0	0	0	2	3	0	0	1	0	0	1	0	1	0	0	0	0	0	0	0	0	0	0	1	0	3	2	0	2	2	6	1	4	7	7	9	18	9	12	19	13	16	14	20	33	22	41	33	23	26	29	22	25	19	27	34	30	40	28	37	32	39	42	48	36	37	39	42	42	32	42	54	36	46	42	47	45	40	29	28	25	23	28	33	30	34	35	29	19	13	11	23	16	9	7	2	6	4	4	5	1	1	0	1	2	0	0	0	0	0	0	0	0	0	0	0	0	0	0
0	0	0	0	0	0	0	0	0	0	0	0	0	0	0	0	0	0	0	0	0	0	0	0	0	0	0	0	0	0	0	0	0	0	0	0	2	1	1	0	0	0	0	0	0	0	0	0	0	1	0	0	2	0	2	0	2	1	0	4	0	3	2	6	4	9	6	11	8	7	14	11	18	11	21	15	25	17	28	17	38	17	24	21	22	22	37	26	41	37	38	35	43	27	37	32	47	31	50	37	39	45	40	37	28	36	53	39	27	28	29	18	20	20	33	31	22	33	19	14	10	13	15	5	4	15	8	2	3	1	4	1	2	1	0	0	1	0	0	0	0	0	0	0	0	0	0	0	0	0
0	0	0	0	0	0	0	0	0	0	0	0	0	0	0	0	0	0	0	0	0	0	0	0	0	0	0	0	0	0	0	0	0	0	0	1	0	2	1	1	0	1	0	0	0	0	0	0	0	1	0	0	2	0	1	1	3	2	6	3	4	3	6	7	9	10	16	9	16	12	14	14	15	19	32	23	21	26	22	33	25	25	24	32	26	48	31	40	55	47	44	56	43	61	46	47	46	46	40	43	42	54	42	44	46	57	49	48	28	42	30	28	22	31	48	44	26	38	14	10	17	17	10	11	8	12	10	2	5	2	3	4	2	2	0	0	0	0	0	0	0	0	0	0	0	0	0	0	0	0
0	0	0	0	0	0	0	0	0	0	0	0	0	0	0	0	0	0	0	0	0	0	0	0	0	0	0	0	0	0	0	0	0	0	0	0	0	0	0	0	1	0	0	2	1	0	0	0	0	1	0	2	1	1	1	1	5	2	2	2	3	0	6	3	8	3	10	12	14	11	12	18	13	23	12	16	19	24	23	27	23	20	22	27	27	29	35	35	42	32	31	34	41	38	38	37	32	36	32	39	38	43	42	43	39	39	47	40	28	24	22	18	24	27	23	29	28	24	14	8	12	14	5	8	11	11	2	3	1	1	1	3	3	0	1	0	0	1	0	1	0	0	0	0	0	0	0	0	0	0
0	0	0	0	0	0	0	0	0	0	0	0	0	0	0	0	0	0	0	0	0	0	0	0	0	0	0	0	0	0	0	0	0	0	0	0	0	0	0	0	1	0	1	0	3	0	0	0	0	0	0	0	0	2	2	2	3	4	3	0	6	6	7	5	10	10	8	11	7	12	12	21	21	20	20	20	18	17	22	21	31	35	30	30	33	39	41	43	36	53	40	42	38	37	41	41	47	35	48	55	49	51	43	37	44	43	33	42	35	28	24	19	21	28	38	33	21	27	17	5	15	11	11	7	13	8	3	5	2	3	3	2	1	0	0	0	0	0	0	0	3	1	0	0	0	0	0	0	0	0
0	0	0	0	0	0	0	0	0	0	0	0	0	0	0	0	0	1	0	0	0	0	0	0	0	0	0	0	0	0	0	0	0	0	0	0	0	0	0	0	2	1	1	0	0	0	0	0	1	0	1	0	2	2	5	1	5	2	1	3	5	3	5	11	7	11	8	13	8	19	18	17	14	19	17	23	22	16	24	26	34	36	26	36	34	32	39	32	46	47	54	39	47	49	39	51	34	40	49	37	40	38	34	46	43	35	44	32	30	27	22	14	28	41	37	22	29	13	12	10	15	11	5	9	21	8	5	1	4	4	0	0	1	1	0	0	0	0	0	0	1	4	0	0	0	0	0	0	0	0
0	0	0	0	0	0	0	0	0	0	0	0	0	0	0	0	0	0	0	0	0	0	0	0	0	0	0	0	0	1	0	0	0	0	0	0	0	0	0	0	1	4	0	0	0	1	0	0	0	0	1	1	2	2	1	2	5	0	5	5	5	5	8	7	8	7	7	14	14	13	17	15	18	20	23	19	19	28	28	28	39	39	28	30	34	30	32	52	41	46	52	44	35	51	35	49	43	44	50	31	38	36	45	38	40	50	35	22	17	24	30	30	30	36	31	31	25	11	18	13	6	11	13	12	9	4	7	2	2	5	1	0	0	0	0	0	0	0	1	0	2	1	0	0	0	0	0	0	0	0
0	0	0	0	0	0	0	0	0	0	0	0	0	0	0	0	0	0	0	0	0	0	0	0	0	0	0	0	0	1	0	0	0	0	0	0	0	0	0	0	4	0	0	0	0	1	1	0	0	0	3	0	1	1	1	1	3	4	7	6	11	3	6	2	7	8	5	10	13	14	19	25	25	33	26	33	24	20	34	25	29	29	27	34	36	24	36	43	41	46	55	41	43	43	40	45	31	48	34	40	41	32	44	39	46	36	28	24	21	27	43	28	39	25	29	31	19	15	10	15	5	5	9	7	14	3	2	3	4	3	2	1	2	1	3	1	0	0	0	0	1	1	0	0	0	0	0	0	0	0
0	0	0	0	0	0	0	0	0	0	0	0	0	0	0	0	0	0	0	0	0	0	0	0	0	0	0	0	0	0	0	0	0	0	0	0	0	0	1	2	3	0	1	1	1	0	1	1	0	1	1	0	0	2	3	1	3	3	3	3	3	5	8	2	13	16	4	11	18	13	12	14	19	18	22	28	32	29	38	41	39	36	28	30	36	30	24	47	45	48	25	34	38	38	47	41	38	37	48	39	44	51	51	38	64	27	33	21	20	22	38	34	44	18	34	22	10	9	21	14	9	10	10	11	8	6	5	6	3	4	0	0	0	0	2	2	0	0	0	0	0	0	0	0	0	0	0	0	0	0
0	0	0	0	0	0	0	0	0	0	0	0	0	0	0	0	0	0	0	0	0	0	0	0	0	0	0	0	0	1	0	0	0	0	1	0	0	1	0	0	3	1	0	0	1	0	1	0	0	0	0	0	3	1	1	2	1	3	3	4	11	8	4	5	13	9	11	14	16	14	18	18	21	27	33	21	19	34	37	28	35	28	45	44	26	41	30	36	41	42	46	29	40	50	31	48	37	40	30	46	51	46	40	36	21	28	29	34	30	32	35	37	32	31	32	20	11	17	14	12	10	5	5	4	5	4	2	4	3	5	1	6	4	0	1	0	0	0	0	0	0	0	0	0	0	0	0	0	0	0
0	0	0	0	0	0	0	0	0	0	0	0	0	0	0	0	0	0	0	0	0	0	0	0	0	0	0	0	0	0	0	0	0	0	0	0	0	2	4	0	1	0	0	0	0	0	1	1	0	3	0	2	0	0	0	0	1	4	9	6	4	7	2	6	9	15	12	13	11	13	14	20	18	15	29	25	24	21	20	34	32	27	36	36	29	34	43	43	36	43	37	24	40	36	32	33	31	35	30	51	45	39	37	29	39	31	13	15	23	26	33	33	22	22	26	20	16	16	8	7	5	8	7	2	7	4	9	4	2	1	0	1	1	0	2	1	0	0	0	0	0	0	0	0	0	0	0	0	0	0
0	0	0	0	0	0	0	0	0	0	0	0	0	0	0	0	0	0	0	0	0	0	0	0	0	0	0	0	0	0	0	0	0	0	0	0	0	1	2	4	2	0	1	1	0	1	2	2	1	0	1	0	1	0	2	2	6	6	8	12	7	9	6	4	13	13	17	16	10	14	23	24	26	28	43	32	31	30	37	41	37	35	38	44	46	48	41	49	39	40	47	45	47	53	49	40	34	46	43	46	50	41	49	36	31	33	26	26	29	29	37	31	37	33	34	29	29	14	6	5	6	4	14	5	2	4	6	7	1	1	1	5	0	0	1	0	0	0	0	0	0	0	0	0	0	0	0	0	0	0
0	0	0	0	0	0	0	0	0	0	0	0	0	0	0	0	0	0	0	0	0	0	0	0	0	0	0	0	0	0	0	0	0	0	0	1	1	2	2	1	1	0	0	1	0	0	0	0	0	0	0	0	0	0	4	1	3	3	8	11	9	8	7	13	12	12	7	13	17	8	22	14	15	34	32	29	25	22	29	26	20	50	34	33	35	35	51	28	30	35	37	36	37	41	29	29	38	31	33	43	36	38	27	36	29	25	21	24	33	25	20	27	28	26	28	12	13	6	8	6	3	2	7	4	0	5	9	7	2	2	2	0	1	0	0	0	0	0	0	0	0	0	0	0	0	0	0	0	0	0
0	0	0	0	0	0	0	0	0	0	0	0	0	0	0	1	0	0	0	0	0	0	1	0	0	0	0	0	0	0	0	0	0	0	1	0	0	2	2	6	0	0	0	0	0	0	0	0	0	0	0	0	0	0	5	1	5	12	9	7	11	16	15	18	16	18	20	16	20	15	14	33	35	26	23	44	32	36	33	41	42	37	44	46	42	50	35	38	43	54	37	39	37	41	42	42	41	41	42	53	54	46	47	37	26	26	36	35	36	27	24	33	43	30	17	23	14	4	3	5	16	5	5	2	6	9	7	3	2	2	2	1	1	1	0	1	0	0	0	0	0	0	0	0	0	0	0	0	0	0
0	0	0	0	0	0	0	0	0	0	0	0	0	0	0	0	0	0	0	0	0	0	0	0	0	0	0	0	0	0	0	0	0	0	0	1	0	1	2	3	0	1	0	1	0	0	0	0	0	0	1	0	1	2	5	6	9	2	6	6	11	8	18	15	9	9	17	12	14	8	18	23	38	26	28	30	30	23	34	27	39	25	26	35	26	34	34	41	38	38	45	38	31	35	37	36	27	30	39	41	34	23	26	23	39	28	33	24	20	23	24	28	33	20	14	16	6	3	5	3	1	6	4	4	2	4	7	6	0	0	1	2	0	1	1	0	0	0	0	0	0	0	0	0	0	0	0	0	0	0
0	0	0	0	0	0	0	0	0	0	0	0	0	0	0	0	0	0	0	0	0	0	0	0	0	0	0	0	0	0	0	0	0	0	0	0	0	0	0	3	2	0	2	0	0	1	2	0	1	4	2	0	2	3	3	2	5	9	6	11	10	13	18	10	11	15	19	14	18	19	23	27	22	23	41	25	31	31	39	30	44	34	32	34	45	53	36	46	40	35	40	42	36	47	37	23	34	42	39	41	43	30	47	30	36	26	31	30	29	26	30	31	38	22	20	11	4	7	1	1	5	3	5	5	5	11	5	2	3	0	0	1	1	0	0	0	0	0	0	0	0	0	0	0	0	0	0	0	0	0
0	0	0	0	0	0	0	0	0	0	0	0	0	0	0	0	0	0	0	0	0	0	0	0	0	0	0	0	0	0	0	0	0	0	0	0	0	1	0	0	1	0	1	3	1	0	2	0	2	2	0	1	3	4	8	11	6	2	5	6	11	10	10	18	17	12	14	21	19	16	16	17	27	39	35	39	40	28	41	31	39	33	33	42	48	46	54	34	38	59	28	51	34	31	35	24	33	39	29	39	32	43	47	40	27	30	30	23	31	34	31	26	23	15	14	7	4	2	5	2	6	5	10	6	6	5	2	2	1	0	2	0	0	0	0	0	0	1	0	0	0	0	0	0	0	0	0	0	0	0
0	0	0	0	0	0	0	0	0	0	0	0	0	0	0	0	0	0	0	0	0	0	0	0	0	0	0	0	0	0	0	0	0	1	0	0	2	2	0	0	2	0	1	1	1	0	0	0	2	2	1	3	6	7	4	2	8	5	11	11	13	16	14	17	12	9	18	20	17	18	11	20	29	28	54	36	40	39	35	31	25	47	37	34	38	38	42	45	40	38	35	46	41	31	32	34	28	37	29	47	45	38	40	37	26	19	32	32	31	41	31	25	18	19	9	12	7	4	5	7	9	8	3	5	1	6	2	2	0	0	1	2	1	0	0	0	0	0	0	0	0	0	0	0	0	0	0	0	0	0
0	0	0	0	0	0	0	0	0	0	0	0	1	0	0	0	0	0	0	0	0	2	1	0	0	1	0	2	1	0	0	0	1	0	0	0	1	0	1	3	0	1	2	1	1	0	1	1	1	2	3	2	10	8	6	6	2	5	4	5	11	11	12	14	17	12	13	15	23	20	18	24	28	39	40	42	31	43	41	48	30	40	35	56	35	55	30	23	40	32	46	39	41	33	38	23	47	34	36	32	41	41	33	27	25	23	31	44	25	34	30	23	20	13	11	2	4	2	4	9	4	3	4	8	4	6	0	1	2	0	1	0	2	1	0	0	0	0	0	0	0	0	0	0	0	0	0	0	0	0
0	0	0	0	0	0	0	0	0	0	0	0	0	0	0	0	0	0	0	0	0	0	0	0	0	0	0	0	0	0	0	0	0	0	0	0	0	1	0	3	2	2	1	0	1	0	3	2	1	0	3	0	5	11	4	7	3	0	4	14	8	10	8	14	9	15	15	17	20	22	21	16	33	27	38	32	43	44	29	42	28	35	39	42	43	42	29	41	29	33	24	16	40	32	31	28	34	38	28	38	32	30	43	14	34	30	20	15	24	36	24	14	15	13	10	4	2	4	5	8	2	5	2	10	3	1	4	0	0	0	1	2	0	0	0	0	0	0	0	0	0	0	0	0	0	0	0	0	0	0
0	0	0	0	0	0	0	0	0	0	0	0	0	0	0	0	0	0	0	0	0	0	0	0	0	0	0	0	0	0	0	0	1	0	0	0	0	0	0	0	0	3	2	3	1	2	1	3	4	4	2	2	12	2	4	4	10	5	8	20	7	13	7	13	14	19	22	19	21	35	37	33	38	33	59	42	42	54	35	37	44	47	45	36	49	53	47	41	28	41	44	31	41	29	44	45	43	49	36	37	40	36	44	39	38	33	34	22	25	35	22	25	22	12	6	6	2	6	8	11	9	6	6	7	6	1	1	0	0	1	1	0	0	0	0	0	0	0	0	0	0	0	0	0	0	0	0	0	0	0
0	0	0	0	0	0	0	0	0	0	0	0	0	0	0	0	0	0	0	0	0	0	0	0	0	0	0	0	0	0	0	0	0	0	0	0	0	0	1	0	1	1	3	1	0	3	1	2	4	0	8	5	1	2	6	8	7	8	7	9	7	10	7	18	8	16	17	19	22	30	26	33	21	33	27	40	42	28	42	33	37	32	35	47	39	34	33	36	22	30	29	39	37	30	30	25	31	34	39	34	34	24	32	31	24	20	26	24	29	19	16	12	16	7	8	3	4	5	11	9	9	3	6	4	0	1	0	0	0	0	0	0	0	0	0	0	0	0	0	0	0	0	0	0	0	0	0	0	0	0
0	0	0	0	0	0	0	0	0	0	0	0	0	0	0	0	0	0	0	0	0	0	0	0	0	0	0	0	0	0	0	0	0	0	0	0	0	1	0	0	0	0	3	3	0	2	1	2	3	5	7	4	5	6	3	9	9	13	10	9	14	9	10	10	13	17	18	31	27	39	30	34	28	40	44	44	46	30	39	44	47	26	36	37	36	40	45	43	37	29	42	44	35	32	45	26	35	33	35	37	30	47	27	37	29	35	27	36	20	16	15	17	12	5	6	5	3	3	8	8	10	4	5	5	1	3	0	0	0	0	0	0	0	0	0	0	0	0	0	0	0	0	0	0	0	0	0	0	0	0
0	0	0	0	0	0	0	0	0	0	0	0	0	0	0	0	0	0	0	0	0	0	0	0	0	0	0	0	0	0	1	0	0	0	1	0	0	0	0	0	0	0	3	0	1	4	5	2	1	1	0	3	7	5	2	9	15	10	11	11	11	14	10	12	19	18	24	29	30	36	35	31	35	31	42	39	44	39	32	47	31	41	38	44	52	38	36	40	26	38	26	40	31	36	32	25	33	44	32	49	44	28	42	37	30	30	25	29	22	10	14	15	8	6	11	7	6	4	3	3	6	4	4	2	2	2	0	2	3	0	0	0	0	0	0	0	0	0	0	0	0	0	0	0	0	0	0	0	0	0
0	0	0	0	0	0	0	0	0	0	0	0	0	0	0	0	0	0	0	0	0	0	0	0	0	0	0	0	0	0	0	0	0	0	0	0	0	0	0	0	1	0	2	1	1	2	5	0	3	4	3	5	5	7	7	9	10	8	14	18	12	9	10	16	16	23	32	32	29	31	30	26	27	36	40	40	50	39	48	53	39	42	35	43	42	26	37	25	34	34	46	32	31	23	35	30	33	50	29	46	42	41	44	38	33	9	25	24	14	15	20	9	12	6	7	5	6	7	9	4	4	10	3	3	1	0	0	0	0	0	0	0	0	0	0	0	0	0	0	0	0	0	0	0	0	0	0	0	0	0
0	0	0	0	0	0	0	0	0	0	0	0	0	0	0	0	0	0	0	0	0	0	0	0	0	0	0	0	0	0	0	0	0	0	0	0	0	2	0	2	1	2	3	0	0	3	4	3	4	1	6	2	4	11	11	10	10	12	9	11	19	9	24	17	21	9	22	38	34	29	34	26	41	45	41	41	43	32	43	43	45	39	38	36	34	35	39	36	40	32	33	36	38	30	30	38	49	35	23	34	36	33	42	28	25	28	21	18	18	14	10	9	5	12	5	5	5	9	9	3	5	8	3	3	0	1	0	1	0	0	0	0	0	0	0	0	0	0	0	0	0	0	0	0	0	0	0	0	0	0
0	0	0	0	0	0	0	0	0	0	0	0	0	0	0	0	0	0	0	0	0	0	0	0	0	0	0	0	0	0	0	0	0	0	0	0	1	3	1	0	0	0	0	1	5	4	2	0	3	4	4	11	10	14	9	6	10	10	9	12	14	16	21	20	21	22	27	38	26	29	26	34	39	36	34	55	49	45	41	43	46	43	38	37	46	34	20	28	35	33	30	33	28	33	34	35	48	33	37	37	28	31	32	39	25	21	23	18	13	18	22	11	4	5	5	9	7	6	7	5	8	7	4	0	0	0	0	0	0	0	0	0	0	0	0	0	0	0	0	0	0	0	0	0	0	0	0	0	0	0
0	0	0	0	0	0	0	0	0	0	0	0	0	0	0	0	0	0	0	0	0	0	0	0	0	0	0	0	0	0	0	0	0	0	1	1	1	1	1	2	1	1	2	1	8	3	2	3	2	6	9	4	9	10	5	11	15	14	6	12	19	19	9	28	22	22	30	23	26	20	31	39	32	40	51	51	53	42	40	32	56	47	38	37	41	36	27	32	27	33	25	31	42	34	46	22	20	30	35	40	38	27	29	24	35	31	19	14	22	19	14	8	3	7	4	6	6	9	7	3	3	3	3	2	0	1	0	0	0	1	1	0	0	0	0	0	0	0	0	0	0	0	0	0	0	0	0	0	0	0
0	0	0	0	0	0	0	0	0	0	0	0	0	0	0	0	0	0	0	0	0	0	0	0	0	0	0	0	0	0	0	0	0	0	2	3	0	0	0	2	1	3	4	5	4	5	5	7	3	7	6	7	15	8	14	12	4	6	10	16	11	16	15	20	13	31	26	28	26	32	36	36	41	49	33	52	48	43	44	50	42	48	43	37	33	36	21	31	26	30	33	25	23	35	42	44	40	33	38	23	27	37	38	25	28	19	21	20	25	17	8	9	6	5	6	5	8	6	5	6	5	4	0	1	0	0	0	0	0	0	0	0	0	0	0	0	0	0	0	0	0	0	0	0	0	0	0	0	0	0
0	0	0	0	0	0	0	0	0	0	0	0	0	0	0	0	0	0	0	0	0	0	0	0	0	0	0	0	1	0	0	0	0	0	3	1	0	0	0	1	2	5	7	3	3	4	6	6	5	4	5	13	6	8	10	9	8	11	15	14	22	16	14	17	14	29	21	29	26	36	35	44	47	47	43	41	55	41	32	28	33	36	43	42	25	33	37	35	30	40	33	30	35	33	32	41	41	40	35	31	33	32	30	24	31	23	17	14	23	14	10	11	4	3	7	5	6	5	5	4	3	2	2	0	0	0	0	0	0	0	0	0	0	0	0	0	0	0	0	0	0	0	0	0	0	0	0	0	0	0
0	0	0	0	0	0	0	0	0	0	0	0	0	0	0	0	0	1	0	0	0	0	0	0	0	0	0	0	0	0	1	0	0	0	0	4	0	0	0	0	0	5	0	6	4	5	4	6	9	5	8	11	14	7	6	3	6	7	8	8	21	17	15	18	19	18	25	27	25	33	44	43	46	27	49	37	44	32	27	43	41	32	34	30	34	22	29	23	17	26	26	36	33	31	32	33	35	34	30	34	23	23	19	28	22	22	18	14	18	10	11	5	2	5	5	4	8	6	3	2	1	2	3	0	0	0	0	0	0	0	0	0	0	0	0	0	0	0	0	0	0	0	0	0	0	0	0	0	0	0
0	0	0	0	0	0	0	0	0	0	0	0	0	0	0	0	0	0	0	0	0	0	0	0	0	0	0	0	0	0	0	0	0	0	0	2	2	1	0	0	0	2	3	6	7	11	4	6	13	12	8	5	18	6	8	14	17	12	16	15	26	17	20	16	32	28	33	29	34	46	47	44	56	46	54	48	43	38	37	46	56	48	47	43	28	52	41	26	24	32	32	39	29	38	43	52	40	31	38	46	37	24	26	34	18	25	16	19	8	13	12	13	9	4	4	5	11	3	5	4	3	2	0	0	0	0	0	0	0	0	0	0	0	0	0	0	0	0	0	0	0	0	0	0	0	0	0	0	0	0
0	0	0	0	0	0	0	0	0	0	0	0	0	0	0	0	0	0	0	0	0	0	0	0	0	0	0	0	0	0	0	0	0	0	0	0	1	0	4	0	0	2	2	4	2	3	6	11	3	10	15	9	12	7	5	12	11	12	17	14	14	15	25	19	27	21	27	31	33	34	32	41	27	36	54	49	38	41	39	36	35	40	23	29	22	29	31	26	25	21	35	33	26	30	31	24	31	21	30	32	29	29	13	22	25	15	7	21	11	7	5	11	4	4	1	5	2	8	5	1	2	3	1	0	0	0	1	0	0	0	0	0	0	0	0	0	0	0	0	0	0	0	0	0	0	0	0	0	0	0
0	0	0	0	0	0	0	0	0	0	0	0	0	0	0	0	0	0	0	0	0	0	0	0	0	0	0	0	0	0	0	0	0	1	0	1	1	2	0	0	0	4	3	3	6	6	11	10	8	12	9	8	10	8	8	12	17	15	14	15	24	27	26	20	18	31	32	22	43	33	45	44	42	52	49	53	38	42	50	42	45	43	35	27	20	29	37	24	27	35	28	34	35	47	37	35	32	40	38	23	33	24	16	11	26	17	16	13	7	5	13	9	7	6	5	2	5	4	5	3	0	0	0	0	0	0	0	0	0	0	0	0	0	0	0	0	0	0	0	0	0	0	0	0	0	0	0	0	0	0
0	0	0	0	0	0	0	0	0	0	0	0	0	0	0	0	0	0	0	0	0	0	0	0	0	0	0	0	0	1	1	1	1	0	0	0	1	0	1	0	4	3	2	2	8	5	7	5	6	8	9	11	8	12	12	13	16	23	10	18	23	17	27	30	25	42	34	43	31	38	39	50	36	53	39	50	45	47	33	35	33	26	38	36	29	36	34	33	33	37	31	34	26	31	43	39	35	31	32	24	19	19	27	21	28	16	14	11	6	7	7	7	6	2	4	1	10	4	2	2	0	0	1	1	1	0	0	0	0	0	0	0	0	0	0	0	0	0	0	0	0	0	0	0	0	0	0	0	0	0
0	0	0	0	0	0	0	0	0	0	0	0	0	0	0	0	0	0	0	0	0	0	1	1	1	0	1	0	1	0	0	0	0	0	0	1	1	4	0	4	7	6	2	4	12	7	2	9	11	12	11	6	8	11	16	18	19	17	11	21	28	28	25	26	42	35	30	36	43	33	36	50	39	53	44	50	36	38	39	37	29	40	38	27	16	30	39	43	30	24	23	27	28	25	32	29	32	32	35	32	31	26	28	29	18	15	5	10	12	10	8	6	4	2	1	9	7	3	1	0	0	0	0	2	0	0	0	0	0	0	0	0	0	0	0	0	0	0	0	0	0	0	0	0	0	0	0	0	0	0
0	0	0	0	0	0	0	0	0	0	0	0	0	0	0	0	0	0	1	1	0	2	0	0	0	0	0	0	0	0	0	0	0	0	0	5	2	1	0	11	6	4	1	8	6	4	7	8	12	11	12	6	12	10	16	17	23	25	12	14	27	28	26	36	37	40	33	42	37	39	36	38	56	39	54	36	45	38	35	38	26	29	29	25	28	29	48	43	28	33	26	25	34	23	36	21	34	33	35	43	25	20	26	15	14	11	10	10	4	7	6	7	7	3	2	4	3	0	1	0	0	1	0	0	0	0	0	0	0	0	0	0	0	0	0	0	0	0	0	0	0	0	0	0	0	0	0	0	0	0
0	0	0	0	0	0	0	0	0	0	0	1	2	1	0	1	0	0	0	0	0	0	0	0	0	0	0	0	0	0	0	0	0	0	0	0	0	2	11	4	6	2	1	13	12	5	5	4	7	13	9	10	18	11	9	15	17	20	31	26	36	28	27	38	36	31	34	35	42	45	55	58	37	45	37	47	27	42	32	32	28	34	22	23	20	36	32	47	32	26	27	35	32	36	28	30	40	36	30	33	16	24	22	18	12	10	10	6	9	4	4	7	8	10	2	4	1	0	0	0	0	0	0	0	0	0	0	0	0	0	0	0	0	0	0	0	0	0	0	0	0	0	0	0	0	0	0	0	0	0
0	0	0	0	0	1	0	1	1	0	1	0	0	0	0	0	0	0	0	0	0	0	0	0	0	0	0	0	0	0	0	0	0	0	0	1	2	1	11	8	3	5	5	8	10	9	7	10	13	5	7	10	10	10	15	10	27	32	18	30	43	31	29	19	35	49	37	32	45	43	48	50	51	55	37	39	33	26	44	43	33	28	19	20	32	39	35	22	36	23	26	29	25	43	32	36	24	35	29	26	26	17	21	9	7	9	9	8	8	3	6	6	6	5	5	0	0	1	0	0	0	0	0	0	0	0	0	0	0	0	0	0	0	0	0	0	0	0	0	0	0	0	0	0	0	0	0	0	0	0
1	1	1	0	1	0	0	0	0	0	0	0	0	0	0	0	0	0	0	0	0	0	0	0	0	0	0	0	0	0	0	0	0	0	0	5	3	6	5	0	4	6	8	7	5	13	9	12	8	12	11	9	7	7	15	17	27	26	24	32	24	21	25	22	32	30	40	34	51	48	48	37	43	28	33	35	42	22	36	40	31	19	13	24	28	31	26	25	35	22	24	28	33	25	28	35	26	22	18	15	21	14	18	10	9	7	5	3	9	1	7	7	5	3	2	2	1	0	0	1	1	0	0	0	0	0	0	0	0	0	0	0	0	0	0	0	0	0	0	0	0	0	0	0	0	0	0	0	0	0
0	0	0	0	0	0	0	0	0	0	0	0	0	0	0	0	0	0	0	0	0	0	0	0	0	0	0	0	0	0	0	0	0	0	1	7	7	3	3	6	8	9	11	3	8	15	7	8	11	16	9	10	17	17	22	21	26	34	41	44	39	43	47	36	35	27	43	46	54	50	41	57	45	43	44	50	39	53	51	25	33	35	17	36	31	42	38	39	41	27	30	35	25	26	26	33	35	27	28	23	17	22	13	11	15	9	12	10	8	3	7	5	3	4	1	2	0	0	0	1	0	0	0	0	0	0	0	0	0	0	0	0	0	0	0	0	0	0	0	0	0	0	0	0	0	0	0	0	0	0
0	0	0	0	0	0	0	0	0	0	0	0	0	0	1	0	0	1	0	0	0	1	0	0	0	1	1	0	2	3	0	1	0	1	3	1	2	2	3	8	9	6	5	3	10	12	7	6	5	5	7	10	14	26	24	17	19	30	34	24	31	24	23	29	41	30	31	41	52	51	47	27	38	35	29	38	38	33	28	33	23	28	24	30	22	28	36	29	30	16	31	28	27	23	16	25	25	20	21	20	15	11	5	18	11	6	5	5	1	3	2	1	2	3	1	1	2	0	2	0	1	0	0	0	1	0	0	0	0	1	0	0	0	0	0	0	0	0	0	0	0	0	0	0	0	0	0	0	0	0
0	0	0	0	0	0	0	1	0	0	0	0	0	0	0	0	0	0	2	0	1	1	2	1	2	0	1	0	2	1	1	0	3	2	1	4	0	5	7	9	5	7	6	5	9	9	5	2	7	11	15	21	28	28	22	22	29	30	33	29	33	28	52	36	40	45	51	45	42	42	38	49	37	25	43	47	38	43	31	34	26	32	25	36	29	26	37	30	24	21	23	36	21	19	35	16	18	14	18	25	24	16	7	19	13	12	1	5	5	3	4	5	4	1	3	0	1	0	0	0	0	0	0	0	0	0	1	0	1	0	1	0	0	0	0	0	0	0	0	0	0	0	0	0	0	0	0	0	0	0
1	0	0	0	1	0	2	0	0	0	1	1	0	0	1	2	1	1	0	1	0	1	0	1	1	0	1	1	1	0	1	3	4	2	0	2	1	0	7	2	4	8	10	11	14	10	4	6	6	12	24	19	29	31	22	23	26	40	28	23	42	51	36	42	52	37	44	53	49	42	46	23	30	35	30	43	50	41	28	26	30	31	34	27	30	26	30	28	34	20	26	25	29	23	32	25	20	16	14	12	13	15	10	9	5	8	3	4	6	3	1	3	2	2	3	1	1	0	0	1	0	0	0	0	0	0	0	0	0	0	0	0	0	0	0	0	0	0	0	0	0	0	0	0	0	0	0	0	0	0
1	0	2	0	0	1	0	0	3	0	0	2	1	1	2	0	0	2	0	1	1	0	0	0	0	0	0	1	0	0	4	0	0	0	1	2	4	1	3	6	4	10	15	5	8	7	5	11	19	19	24	22	25	34	29	34	32	42	27	36	46	41	36	38	41	57	50	48	34	23	32	41	43	44	39	49	27	21	31	28	28	28	35	35	27	28	24	24	29	32	24	18	21	27	22	17	16	19	20	12	8	10	14	13	11	4	2	3	3	6	10	1	3	1	0	0	0	0	0	0	1	0	0	0	0	0	0	0	0	0	0	0	0	0	0	0	0	0	0	0	0	0	0	0	0	0	0	0	0	0
2	0	2	1	0	2	0	0	0	0	0	0	0	0	0	0	0	0	0	0	0	0	0	0	0	0	1	0	2	2	1	0	0	1	2	2	6	2	6	6	9	8	14	14	8	6	10	10	18	14	24	35	24	33	26	28	40	36	40	45	37	45	38	31	29	41	37	52	38	40	50	43	36	38	50	42	37	26	27	30	31	30	31	31	29	29	25	29	26	26	24	14	20	18	26	14	11	10	12	10	10	16	9	6	5	9	4	1	6	6	8	1	0	0	0	0	0	0	0	0	0	0	0	0	0	0	0	0	0	0	0	0	0	0	0	0	0	0	0	0	0	0	0	0	0	0	0	0	0	0
0	1	1	0	0	0	0	1	1	0	0	0	0	3	0	0	1	0	1	0	1	0	0	0	2	0	1	2	3	2	0	1	2	1	3	1	6	1	3	8	8	7	12	10	9	13	15	22	15	19	35	18	25	26	37	30	40	35	37	35	37	41	41	33	31	43	43	37	39	45	45	45	34	43	39	29	33	31	33	32	35	36	26	25	32	33	30	27	18	15	21	16	27	19	25	23	14	14	10	11	9	13	5	9	9	3	5	4	4	6	1	0	1	0	0	0	0	0	0	0	0	0	0	0	0	0	0	0	0	0	0	0	0	0	0	0	0	0	0	0	0	0	0	0	0	0	0	0	0	0
0	0	2	0	0	1	0	0	1	1	0	1	0	0	1	1	0	0	1	0	1	0	1	0	0	0	4	2	0	0	0	0	2	2	1	2	3	5	9	12	9	14	13	5	9	15	13	26	28	22	22	30	35	27	30	36	45	40	38	37	31	26	39	42	39	31	41	39	39	44	40	39	45	37	37	29	30	32	34	39	34	30	26	24	32	30	26	19	22	18	16	17	17	22	18	11	16	12	13	18	8	13	4	4	2	3	2	6	2	4	1	1	1	2	0	0	1	0	1	0	0	0	0	0	0	0	0	0	0	0	0	0	0	0	0	0	0	0	0	0	0	0	0	0	0	0	0	0	0	0
0	0	2	0	0	1	1	0	0	0	1	0	0	1	0	0	0	0	0	0	0	0	1	0	0	2	2	0	0	1	4	2	4	1	2	2	4	6	4	8	13	10	7	7	10	14	18	32	13	18	17	29	35	31	30	42	41	28	38	23	24	26	28	33	37	49	42	29	28	39	35	37	34	34	39	31	14	30	31	38	24	18	22	23	21	29	25	15	18	17	15	14	15	17	15	14	5	18	10	11	10	5	6	7	0	1	5	1	3	2	2	1	1	1	0	1	0	0	0	0	0	0	0	0	0	0	0	0	0	0	0	0	0	0	0	0	0	0	0	0	0	0	0	0	0	0	0	0	0	0
0	1	0	0	1	0	1	0	0	0	0	0	2	1	0	0	0	1	1	0	1	0	0	1	0	8	1	0	3	5	1	3	5	4	3	8	11	7	14	11	5	14	14	19	20	35	29	23	27	24	19	37	41	49	59	38	21	30	35	30	42	37	50	47	56	55	36	38	33	36	49	39	38	37	37	44	34	37	36	31	34	33	32	30	29	27	21	19	17	23	14	22	13	12	19	19	25	7	10	5	8	6	6	4	10	4	1	1	1	1	0	1	0	0	3	1	0	1	0	0	0	0	0	0	0	0	0	0	0	0	0	0	0	0	0	0	0	0	0	0	0	0	0	0	0	0	0	0	0	0
2	1	1	1	2	0	2	3	0	0	1	1	1	2	1	4	1	1	0	3	1	2	3	0	2	5	5	4	3	2	3	6	4	3	2	5	9	8	12	9	3	8	8	13	21	18	19	21	15	23	23	29	36	43	23	29	23	29	27	30	41	34	51	31	35	33	18	25	28	32	37	30	32	23	40	25	38	32	37	28	22	28	23	24	9	16	19	16	13	16	22	18	8	10	13	21	10	5	4	4	8	4	4	1	1	2	3	2	1	0	1	1	0	0	0	0	1	0	1	0	0	0	0	0	0	0	0	0	0	0	0	0	0	0	0	0	0	0	0	0	0	0	0	0	0	0	0	0	0	0
1	3	3	1	2	1	1	2	2	3	0	1	3	0	1	1	1	1	0	1	2	0	1	3	3	3	2	2	3	2	2	5	1	5	5	8	5	8	14	10	8	16	13	22	19	16	14	27	27	29	30	37	31	29	41	32	29	28	32	36	44	40	36	44	32	42	28	37	34	38	45	39	20	41	31	31	32	32	25	23	33	25	33	18	14	18	17	17	24	16	14	16	12	18	11	13	7	3	8	8	4	5	7	6	4	2	0	0	0	0	0	0	0	0	1	1	0	3	0	0	0	0	0	0	0	0	0	0	0	0	0	0	0	0	0	0	0	0	0	0	0	0	0	0	0	0	0	0	0	0
1	0	0	0	2	0	0	1	1	0	0	1	0	0	0	3	2	1	0	0	1	2	7	3	4	3	5	5	5	2	4	4	4	4	10	12	12	13	16	16	13	16	17	17	24	25	25	18	35	28	36	26	37	35	40	27	25	43	34	36	32	41	44	30	34	29	40	35	44	40	28	20	30	37	33	38	28	29	25	27	18	26	30	28	10	14	13	16	14	17	16	7	11	11	13	7	0	9	9	5	3	3	4	2	3	2	0	0	1	0	0	1	0	0	0	0	1	1	0	0	0	0	0	0	0	0	0	0	0	0	0	0	0	0	0	0	0	0	0	0	0	0	0	0	0	0	0	0	0	0
1	4	1	3	1	0	2	1	2	2	2	0	1	2	5	1	1	2	1	1	5	5	3	1	3	4	5	3	0	3	3	10	6	5	13	5	8	17	17	11	10	11	23	9	12	13	22	29	37	30	28	30	23	31	21	31	42	42	39	40	34	30	28	34	40	30	36	45	36	38	24	31	37	36	25	24	37	15	31	28	27	19	24	19	15	15	21	18	18	13	4	13	9	6	11	11	5	2	3	1	0	12	1	1	1	0	0	0	1	0	0	1	0	0	0	0	1	1	1	0	0	0	0	0	0	0	0	0	0	0	0	0	0	0	0	0	0	0	0	0	0	0	0	0	0	0	0	0	0	0
3	1	5	2	1	1	2	2	1	1	1	2	1	0	0	0	1	3	5	6	6	0	0	5	1	4	3	2	3	5	7	15	13	14	15	12	18	15	29	17	11	8	17	15	19	30	33	30	24	20	26	31	29	35	37	33	29	40	37	34	38	35	32	36	27	29	33	28	35	28	31	28	35	33	23	31	21	24	21	30	23	27	15	22	18	15	8	8	8	8	10	10	5	7	14	4	3	3	3	6	2	1	0	0	1	0	0	0	0	1	0	0	1	2	0	0	0	0	0	0	0	0	0	0	0	0	0	0	0	0	0	0	0	0	0	0	0	0	0	0	0	0	0	0	0	0	0	0	0	0
3	3	1	1	4	4	2	5	3	1	5	1	4	2	1	1	6	5	3	4	4	0	2	4	2	1	7	11	3	7	11	15	8	14	17	16	17	14	18	12	13	19	17	16	12	16	34	19	16	20	17	32	26	24	20	30	28	25	24	27	30	44	36	36	32	29	36	28	27	30	28	31	23	32	21	27	32	30	28	23	16	16	17	9	4	15	13	14	11	10	5	7	4	6	7	6	6	4	2	2	2	0	0	0	0	0	0	0	1	0	0	0	1	1	1	0	2	0	0	1	0	0	0	1	0	0	0	0	0	0	0	0	0	0	0	0	0	0	0	0	0	0	0	0	0	0	0	0	0	0
6	4	4	3	4	0	1	2	2	3	2	3	0	1	2	7	7	4	1	1	1	1	2	4	4	5	7	9	11	6	27	15	19	22	16	7	13	17	21	22	21	27	24	21	28	24	15	30	34	38	17	27	26	19	22	19	19	15	24	25	25	23	32	32	38	39	27	27	34	26	18	25	26	25	28	18	35	30	25	16	22	12	9	8	9	6	11	3	9	7	7	3	7	5	5	2	6	1	1	1	0	0	0	0	0	0	0	0	0	0	0	0	0	1	1	0	0	0	0	0	0	0	0	0	0	0	0	0	0	0	0	0	0	0	0	0	0	0	0	0	0	0	0	0	0	0	0	0	0	0
6	13	12	11	10	6	6	3	1	1	1	3	2	6	5	0	1	0	1	0	1	2	5	4	4	4	12	16	13	15	14	16	11	15	11	9	18	15	22	17	16	23	21	16	19	21	29	12	25	24	19	12	9	16	15	20	16	19	14	22	15	28	28	23	33	19	21	28	31	15	14	23	23	24	23	26	18	17	21	6	9	9	9	8	3	5	8	6	7	5	9	6	7	2	3	1	2	1	0	0	0	0	0	0	0	0	0	0	0	0	0	0	0	0	0	0	0	0	0	0	0	0	0	0	0	0	0	0	0	0	0	0	0	0	0	0	0	0	0	0	0	0	0	0	0	0	0	0	0	0
19	25	17	24	26	25	23	22	27	14	12	10	12	3	1	2	4	1	2	2	3	5	9	10	11	19	16	27	12	15	15	21	25	24	23	14	26	21	19	28	26	37	22	19	30	25	26	17	17	18	16	22	8	17	12	28	30	31	29	20	19	16	17	19	13	23	23	20	36	26	30	35	26	20	26	14	21	10	18	10	13	10	9	3	4	6	4	1	1	7	7	4	4	4	1	3	2	0	0	0	0	0	0	0	0	0	0	0	0	0	0	0	0	0	0	0	0	0	0	0	0	0	0	0	0	0	0	0	0	0	0	0	0	0	0	0	0	0	0	0	0	0	0	0	0	0	0	0	0	0
11	8	21	14	11	15	20	17	31	37	44	32	39	26	24	17	15	12	13	13	10	9	14	13	18	19	11	14	16	15	13	15	16	11	24	16	20	23	21	16	23	27	23	12	12	13	13	19	20	17	13	21	18	16	15	18	16	11	9	8	16	10	11	8	16	9	9	19	18	25	20	9	8	8	10	14	14	2	2	10	6	3	4	4	3	2	3	2	4	4	0	1	1	1	1	0	0	0	0	0	0	0	0	0	0	0	0	0	0	0	0	0	0	0	0	0	0	0	0	0	0	0	0	0	0	0	0	0	0	0	0	0	0	0	0	0	0	0	0	0	0	0	0	0	0	0	0	0	0	0
5	3	5	8	12	16	8	10	19	10	14	20	26	33	40	45	53	57	75	61	56	65	57	65	51	51	43	36	24	25	25	24	17	22	27	28	27	12	19	12	20	20	15	15	17	7	15	14	15	16	11	22	21	18	20	12	9	9	11	15	9	14	13	11	10	13	7	11	9	4	2	5	4	4	2	2	1	1	0	1	1	1	1	0	2	0	3	1	0	0	0	0	0	0	0	0	0	0	0	0	0	1	1	0	0	0	0	0	0	0	0	0	0	0	0	0	0	0	0	0	0	0	0	0	0	0	0	0	0	0	0	0	0	0	0	0	0	0	0	0	0	0	0	0	0	0	0	0	0	0
0	0	0	0	1	5	8	1	1	1	2	0	4	6	15	18	31	21	34	34	34	34	38	37	55	48	62	59	77	73	69	71	83	60	52	55	51	40	49	45	37	40	44	34	20	41	26	31	28	18	30	18	17	13	13	18	10	19	10	8	5	8	5	5	4	3	1	5	2	1	2	1	0	0	0	1	0	0	0	0	1	0	1	0	0	0	0	0	0	0	0	0	0	0	0	0	0	0	0	0	0	0	0	0	0	0	0	0	0	0	0	0	0	0	0	0	0	0	0	0	0	0	0	0	0	0	0	0	0	0	0	0	0	0	0	0	0	0	0	0	0	0	0	0	0	0	0	0	0	0
14	12	12	13	13	15	10	28	17	19	13	15	16	14	18	17	10	20	15	19	33	27	20	30	21	28	30	38	25	28	47	42	35	46	42	44	39	44	47	46	53	44	41	33	39	38	31	31	28	25	26	18	20	21	13	20	23	13	9	16	18	9	10	11	16	12	10	13	9	6	2	5	5	10	6	4	4	2	1	2	2	0	0	0	0	1	1	0	0	0	0	0	0	0	0	0	0	0	0	0	0	0	0	0	0	0	0	0	0	0	0	0	0	0	0	0	0	0	0	0	0	0	0	0	0	0	0	0	0	0	0	0	0	0	0	0	0	0	0	0	0	0	0	0	0	0	0	0	0	0
14	17	11	17	8	10	13	7	10	15	10	7	13	11	11	7	4	7	8	9	15	13	14	23	19	18	14	13	17	19	12	16	20	19	21	20	25	27	24	16	21	21	21	37	23	20	23	27	25	23	29	22	20	23	21	23	17	20	22	26	21	20	16	17	10	19	25	14	21	18	19	17	16	9	15	13	4	6	9	5	6	2	4	3	2	0	2	1	0	2	1	0	0	0	3	1	2	1	0	0	0	0	0	0	0	0	0	0	0	0	0	0	0	0	0	0	0	0	0	0	0	0	0	0	0	0	0	0	0	0	0	0	0	0	0	0	0	0	0	0	0	0	0	0	0	0	0	0	0	0
9	13	12	15	11	7	11	10	13	11	10	16	6	14	4	11	18	7	5	13	10	13	14	12	11	16	30	19	16	15	23	14	31	19	18	25	22	23	36	27	35	26	21	28	36	36	28	31	36	25	40	36	26	22	34	31	41	30	34	39	42	32	21	33	31	37	30	21	23	38	31	23	31	23	20	13	22	17	22	17	12	12	13	13	7	9	6	8	7	2	0	3	0	0	0	4	2	1	2	1	1	0	0	2	0	0	0	0	0	0	0	0	0	0	0	0	0	0	0	0	0	0	0	0	0	0	0	0	0	0	0	0	0	0	0	0	0	0	0	0	0	0	0	0	0	0	0	0	0	0
3	5	7	7	9	8	9	8	9	2	4	5	11	7	4	3	9	3	5	6	4	3	6	6	7	16	8	17	14	18	24	13	10	12	10	17	21	19	22	13	21	21	32	29	14	21	18	33	32	17	26	26	27	20	41	41	45	38	29	30	26	26	40	36	33	27	22	18	23	27	15	34	26	18	25	25	21	14	20	18	5	21	19	11	11	3	8	4	9	5	5	6	1	4	4	0	0	1	0	0	3	2	2	1	0	0	0	0	0	0	0	0	0	0	0	0	0	0	0	0	0	0	0	0	0	0	0	0	0	0	0	0	0	0	0	0	0	0	0	0	0	0	0	0	0	0	0	0	0	0
2	1	2	1	2	2	6	2	2	2	7	4	4	12	8	6	7	7	4	8	9	1	8	5	9	8	9	14	15	12	20	12	10	19	11	9	17	17	13	21	21	22	23	32	32	26	29	25	23	26	35	31	41	39	36	38	49	41	40	42	44	28	44	30	32	38	41	21	37	27	30	32	32	28	34	20	36	21	17	25	22	14	16	25	19	15	11	14	11	11	4	11	14	7	4	1	0	0	0	2	2	2	0	1	2	0	0	0	0	0	0	0	0	0	0	0	0	0	0	0	0	0	0	0	0	0	0	0	0	0	0	0	0	0	0	0	0	0	0	0	0	0	0	0	0	0	0	0	0	0
1	3	3	3	0	1	2	3	3	1	0	1	1	2	4	3	3	3	2	3	4	6	7	3	5	2	6	5	6	11	12	11	16	8	19	20	12	15	18	19	24	27	16	30	23	28	29	33	31	26	39	35	53	35	39	38	32	30	33	37	40	46	42	49	36	34	37	36	27	25	44	30	21	38	23	18	28	14	26	27	28	27	24	25	22	15	20	9	11	10	10	5	8	9	15	5	4	4	4	4	3	1	1	1	0	3	1	1	1	0	0	0	0	0	0	0	0	0	0	0	0	0	0	0	0	0	0	0	0	0	0	0	0	0	0	0	0	0	0	0	0	0	0	0	0	0	0	0	0	0
1	1	2	1	2	3	3	2	3	7	2	2	0	0	1	0	4	3	1	1	1	2	0	4	4	5	5	6	5	6	7	10	9	7	10	16	12	11	10	13	18	17	21	25	24	27	14	21	26	33	35	30	29	42	60	40	63	46	37	51	36	30	36	34	37	52	29	34	30	36	35	30	39	33	32	38	30	18	30	21	19	16	18	24	19	28	18	25	20	16	18	8	8	6	12	9	11	7	6	3	2	3	0	1	3	2	0	0	1	2	0	0	0	0	0	0	0	0	0	0	0	0	0	0	0	0	0	0	0	0	0	0	0	0	0	0	0	0	0	0	0	0	0	0	0	0	0	0	0	0
0	0	0	2	1	1	0	2	1	1	3	3	1	2	2	1	1	3	2	1	2	0	2	0	2	6	1	2	4	4	4	7	2	11	7	8	7	12	5	16	17	9	21	23	21	27	26	28	26	28	38	27	31	37	41	45	53	40	54	46	55	36	32	39	47	29	42	38	45	35	35	34	35	25	35	21	40	21	28	28	24	14	24	22	12	18	25	27	23	13	20	18	11	12	10	7	12	9	6	4	9	2	1	3	0	0	2	0	2	1	0	1	0	1	0	1	1	0	0	0	0	0	0	0	0	0	0	0	0	0	0	0	0	0	0	0	0	0	0	0	0	0	0	0	0	0	0	0	0	0
0	0	1	0	1	0	2	1	2	2	3	3	3	0	0	0	1	2	2	3	3	0	1	0	0	2	2	3	0	2	3	3	5	5	5	6	7	5	14	8	12	6	13	12	24	20	19	30	30	22	32	28	46	41	37	43	38	54	54	37	52	41	40	33	35	40	43	40	46	28	40	29	40	33	31	26	33	48	34	32	18	13	14	20	20	17	27	17	12	18	30	24	22	19	16	22	12	13	7	1	6	7	5	2	2	0	2	3	0	0	3	0	0	1	0	0	0	0	0	0	0	0	0	0	0	0	0	0	0	0	0	0	0	0	0	0	0	0	0	0	0	0	0	0	0	0	0	0	0	0
0	0	0	0	0	0	0	0	0	0	0	2	5	5	3	0	1	0	1	1	0	3	4	1	0	0	0	2	3	1	2	6	3	5	1	4	5	5	7	10	19	12	3	4	9	13	17	17	30	33	19	35	35	41	41	43	46	45	43	58	37	52	48	39	39	40	30	45	40	39	38	40	24	36	37	32	33	28	42	31	28	22	16	26	20	19	14	18	15	20	28	25	16	22	14	18	16	15	11	8	3	3	12	12	2	1	2	2	0	0	1	0	2	1	2	1	0	0	0	0	0	0	0	0	0	0	0	0	0	0	0	0	0	0	0	0	0	0	0	0	0	0	0	0	0	0	0	0	0	0
0	0	0	0	0	0	0	0	0	0	0	0	0	0	3	4	3	1	1	1	1	0	1	2	5	1	0	1	0	3	2	4	2	5	0	1	2	2	6	6	6	14	17	7	2	6	10	7	18	30	27	20	27	27	33	35	37	39	34	34	38	43	29	41	42	42	33	24	40	39	42	33	37	37	39	30	32	27	32	34	26	31	14	23	18	20	17	16	10	23	19	14	19	23	17	15	18	19	14	12	4	2	3	8	2	6	1	3	1	2	1	1	0	0	0	0	0	1	0	0	0	0	0	0	0	0	0	0	0	0	0	0	0	0	0	0	0	0	0	0	0	0	0	0	0	0	0	0	0	0
0	0	0	0	0	0	0	0	0	0	0	0	0	0	0	2	3	1	2	3	1	1	0	1	1	2	3	2	1	3	5	6	5	3	5	3	4	6	3	8	2	11	4	14	9	14	11	9	21	17	28	25	24	39	36	37	43	38	52	43	53	52	59	47	52	44	28	32	44	41	52	51	56	46	47	38	40	41	35	34	32	34	28	27	31	25	25	30	22	23	20	29	26	28	25	32	20	21	10	13	8	5	6	8	13	10	1	2	2	3	0	2	2	3	0	0	0	0	0	0	0	0	0	0	0	0	0	0	0	0	0	0	0	0	0	0	0	0	0	0	0	0	0	0	0	0	0	0	0	0
0	0	0	0	0	0	0	0	0	0	0	0	0	0	0	0	1	3	0	0	1	3	1	0	0	2	0	5	2	0	2	5	3	3	3	7	5	2	1	5	4	5	5	10	12	11	2	5	16	13	19	24	22	23	22	24	27	29	30	37	26	49	32	38	37	40	43	28	35	47	42	30	40	28	39	46	31	38	19	21	35	34	26	29	26	16	28	18	12	20	31	19	19	18	19	24	24	19	13	11	7	11	4	9	2	6	5	4	3	2	3	1	6	1	0	0	0	0	0	0	0	0	0	0	0	0	0	0	0	0	0	0	0	0	0	0	0	0	0	0	0	0	0	0	0	0	0	0	0	0
0	0	0	0	0	0	0	0	0	0	0	0	0	0	0	0	0	0	3	1	0	0	0	1	1	1	2	0	4	1	2	3	2	4	2	2	3	4	4	4	6	10	4	17	8	11	8	14	17	16	10	18	18	25	16	19	33	32	42	36	32	34	46	41	38	44	40	38	49	48	43	45	45	54	43	43	30	38	25	33	33	36	39	31	24	32	22	22	31	27	19	19	24	24	19	29	15	19	19	12	15	13	7	10	9	10	12	1	4	1	4	3	1	4	3	0	0	0	0	0	0	0	0	0	0	0	0	0	0	0	0	0	0	0	0	0	0	0	0	0	0	0	0	0	0	0	0	0	0	0
0	0	0	0	0	0	0	0	0	0	0	0	0	0	0	0	0	0	0	2	3	0	0	0	0	0	1	6	1	1	0	1	3	2	1	7	1	1	0	5	5	9	7	8	15	16	8	16	20	18	13	15	15	15	20	24	30	26	32	20	31	42	31	32	42	56	50	52	40	32	55	41	55	49	39	49	36	39	38	38	25	25	30	22	23	34	21	21	25	27	25	19	24	25	21	29	19	18	31	28	23	14	6	10	2	5	5	8	9	3	5	3	1	4	3	1	0	0	0	0	0	0	0	0	0	0	0	0	0	0	0	0	0	0	0	0	0	0	0	0	0	0	0	0	0	0	0	0	0	0
0	0	0	0	0	0	0	0	0	0	0	0	0	0	0	0	0	0	0	0	1	2	1	0	0	0	0	0	4	0	1	0	1	4	5	2	1	3	6	4	3	9	7	4	5	11	18	8	15	18	16	11	12	18	24	14	32	14	33	26	34	24	34	34	40	43	56	55	48	46	43	41	45	43	47	42	46	39	41	41	41	33	21	30	29	30	19	23	22	18	27	21	22	28	18	25	32	24	34	21	23	10	10	8	8	8	9	9	3	5	9	2	2	1	1	2	2	1	0	0	0	0	0	0	0	0	0	0	0	0	0	0	0	0	0	0	0	0	0	0	0	0	0	0	0	0	0	0	0	0
0	0	0	0	0	0	0	0	0	0	0	0	0	0	0	0	0	0	0	0	0	0	4	1	0	0	0	0	0	2	3	0	0	0	0	2	4	3	7	7	4	6	4	8	10	10	22	15	14	10	11	15	18	14	13	23	20	32	29	30	32	31	29	29	34	47	51	47	40	34	45	39	42	38	55	50	36	36	38	34	47	33	28	37	29	19	33	21	24	23	20	30	36	25	19	32	21	19	19	18	31	17	14	14	9	6	11	5	2	9	9	6	2	4	3	0	0	1	1	1	1	0	0	0	0	0	0	0	0	0	0	0	0	0	0	0	0	0	0	0	0	0	0	0	0	0	0	0	0	0
0	0	0	0	0	0	0	0	0	0	0	0	0	0	0	0	0	0	0	0	0	0	0	1	3	0	0	0	0	0	2	2	0	0	0	0	0	0	2	9	9	12	4	7	3	6	15	12	7	9	4	15	18	20	20	19	22	11	19	18	21	36	19	27	38	32	35	44	35	38	41	41	28	42	42	43	35	32	43	35	28	34	30	29	27	38	26	22	18	5	24	16	29	30	27	17	31	26	17	18	23	26	19	11	3	9	5	8	8	6	7	2	5	2	2	0	0	1	0	0	0	0	0	0	0	1	1	0	1	0	0	0	0	0	0	0	0	0	0	0	0	0	0	0	0	0	0	0	0	0
0	0	0	0	0	0	0	0	0	0	0	0	0	0	0	0	0	0	0	0	0	0	0	0	0	4	1	0	0	0	0	1	2	3	1	2	1	1	0	1	1	4	16	11	6	11	11	10	7	9	6	15	16	18	20	33	25	16	26	32	26	33	31	38	29	50	53	46	43	40	54	35	50	51	42	61	47	48	46	37	29	32	28	31	48	48	38	34	31	24	31	29	24	29	33	28	27	37	34	35	28	21	17	16	21	12	8	9	10	10	6	7	5	4	2	1	1	0	0	0	0	0	0	0	1	1	1	0	2	0	0	0	0	0	0	0	0	0	0	0	0	0	0	0	0	0	0	0	0	0
0	0	0	0	0	0	0	0	0	0	0	0	0	0	0	0	0	0	0	0	0	0	0	0	0	0	1	3	0	0	0	0	0	0	1	1	1	3	1	2	2	6	5	8	3	6	3	8	6	11	12	8	4	12	19	10	23	24	15	21	23	21	23	36	28	23	33	43	33	52	48	45	33	29	33	43	36	34	31	29	18	31	28	24	33	34	30	30	38	24	26	26	25	13	22	24	32	28	31	16	25	27	13	17	11	16	15	10	7	5	4	5	4	5	5	0	1	2	0	0	0	0	0	0	2	0	0	2	0	0	0	0	0	0	0	0	0	0	0	0	0	0	0	0	0	0	0	0	0	0
0	0	0	0	0	0	0	0	0	0	0	0	0	0	0	0	0	0	0	0	0	0	0	0	0	0	0	3	2	0	0	0	0	0	0	0	0	3	3	1	0	1	7	10	9	8	4	10	7	7	8	16	6	9	11	10	15	23	32	25	28	22	35	32	33	42	33	44	46	59	56	55	45	38	36	52	52	44	43	41	29	44	34	39	30	32	34	39	42	41	48	38	44	36	28	26	40	41	34	30	27	20	22	17	28	14	11	16	8	7	10	6	8	4	3	4	2	0	0	0	0	0	0	0	0	1	2	0	2	0	0	0	0	0	0	0	0	0	0	0	0	0	0	0	0	0	0	0	0	0
0	0	0	0	0	0	0	0	0	0	0	0	0	0	0	0	0	0	0	0	0	0	0	0	0	0	0	0	0	2	2	0	0	0	1	1	0	1	1	1	1	1	8	4	2	6	6	1	7	10	6	8	10	10	5	8	16	10	13	17	30	17	21	26	14	45	21	38	37	44	48	34	40	33	40	37	33	32	36	25	35	28	37	30	27	31	29	34	33	32	43	24	31	31	17	25	26	28	39	22	24	21	21	21	16	15	14	14	11	4	5	4	1	9	4	1	1	0	1	1	1	0	0	0	0	0	0	1	1	2	0	0	0	0	0	0	0	0	0	0	0	0	0	0	0	0	0	0	0	0
0	0	0	0	0	0	0	0	0	0	0	0	0	0	0	0	0	0	0	0	0	0	0	0	0	0	0	0	0	0	0	4	0	0	0	2	1	1	4	3	1	1	1	9	3	8	2	5	2	2	7	5	10	13	11	11	12	15	26	21	19	16	20	19	22	31	27	42	30	57	37	47	49	40	31	53	48	45	46	33	30	35	34	38	27	32	44	44	34	28	43	45	37	34	31	33	26	29	35	26	18	38	19	15	29	21	14	8	11	9	11	10	10	3	1	4	1	4	1	0	0	0	0	0	0	0	0	1	1	0	2	0	0	0	0	0	0	0	0	0	0	0	0	0	0	0	0	0	0	0
0	0	0	0	0	0	0	0	0	0	0	0	0	0	0	0	0	0	0	0	0	0	0	0	0	0	0	0	0	0	0	0	5	0	0	0	0	0	0	3	4	1	3	5	3	5	4	7	7	3	6	4	12	3	11	15	13	12	21	13	34	27	15	14	27	30	26	31	33	42	40	46	47	37	39	33	38	42	46	35	42	35	44	31	33	35	30	32	38	38	36	40	42	43	32	34	23	29	29	36	40	28	27	19	16	22	19	12	12	11	15	9	6	4	5	4	1	4	1	0	1	0	0	0	0	1	0	2	0	1	0	0	0	1	0	0	0	0	0	0	0	0	0	0	0	0	0	0	0	0
0	0	0	0	0	0	0	0	0	0	0	0	0	0	0	0	0	0	0	0	0	0	0	0	0	0	0	0	0	0	0	0	1	1	1	1	0	0	0	6	3	1	1	2	0	2	3	6	6	7	7	12	5	12	7	7	7	8	11	26	26	20	19	30	24	19	25	22	34	38	43	41	51	50	45	39	39	40	53	36	37	35	32	28	29	32	28	32	31	46	40	31	45	45	36	30	28	28	27	26	32	39	34	23	28	25	12	20	19	11	13	3	6	7	4	9	4	4	1	1	0	0	1	1	0	0	0	0	0	0	2	2	0	0	0	0	0	0	0	0	0	0	0	0	0	0	0	0	0	0
0	0	0	0	0	0	0	0	0	0	0	0	0	0	0	0	0	0	0	0	0	0	0	0	0	0	0	0	0	0	0	0	0	0	0	0	2	1	1	3	5	2	2	2	3	1	6	5	4	8	9	4	9	8	16	9	10	10	8	24	21	17	18	20	27	20	24	25	29	39	36	35	45	35	41	42	48	40	49	49	36	37	33	20	32	33	28	37	35	29	46	42	38	42	49	36	32	41	25	26	33	32	30	31	25	14	20	15	17	11	12	10	8	6	4	3	4	5	3	2	2	2	1	2	3	0	0	1	0	1	0	1	1	0	0	0	0	0	0	0	0	0	0	0	0	0	0	0	0	0
0	0	0	0	0	0	0	0	0	0	0	0	0	0	0	0	0	0	0	0	0	0	0	0	0	0	0	0	0	0	0	0	0	0	0	0	0	2	0	0	2	2	5	1	5	3	4	3	5	3	6	9	4	2	11	7	9	17	11	13	22	20	16	15	25	25	20	25	37	37	37	43	43	43	36	45	44	37	53	54	30	29	32	23	28	32	37	28	36	43	42	33	42	48	34	37	38	36	41	30	25	25	31	37	20	20	28	18	17	12	12	10	8	3	6	8	7	6	2	1	1	3	2	0	1	1	0	0	0	0	0	0	0	0	0	0	0	0	0	0	0	0	0	0	0	0	0	0	0	0
0	0	0	0	0	0	0	0	0	0	0	0	0	0	0	0	0	0	0	0	0	0	0	0	0	0	0	0	0	0	0	0	0	0	0	0	0	0	1	1	3	5	3	4	2	4	3	2	6	5	5	5	5	5	7	10	12	12	13	9	12	14	20	20	36	29	27	25	23	32	28	39	41	50	42	57	44	34	50	42	32	32	33	31	28	25	31	23	37	44	45	24	39	42	28	45	42	39	42	34	25	30	33	39	32	21	20	20	13	12	12	9	8	8	7	6	5	9	4	2	0	0	1	1	3	2	1	0	0	0	0	0	0	0	0	0	0	0	0	0	0	0	0	0	0	0	0	0	0	0
0	0	0	0	0	0	0	0	0	0	0	0	0	0	0	0	0	0	0	0	0	0	0	0	0	0	0	0	0	0	0	0	0	0	0	0	0	0	0	2	3	1	1	5	1	2	1	4	6	3	3	3	4	9	3	7	5	13	5	6	16	12	16	21	16	22	14	34	24	26	29	28	49	44	31	37	28	32	43	38	41	23	36	22	19	26	29	28	19	35	34	44	38	42	46	45	43	27	30	29	19	26	24	27	24	19	22	20	18	19	11	18	10	7	7	4	7	5	4	1	1	2	2	2	0	3	1	0	0	0	0	0	0	0	0	0	0	0	0	0	0	0	0	0	0	0	0	0	0	0
0	0	0	0	0	0	0	0	0	0	0	0	0	0	0	0	0	0	0	0	0	0	0	0	0	0	0	0	0	0	0	0	0	0	0	0	0	0	0	0	1	7	5	4	4	3	2	0	2	2	6	6	5	4	10	7	19	13	13	8	10	11	18	19	33	24	35	26	23	25	36	49	42	44	51	37	41	55	45	48	48	39	30	41	35	40	30	25	29	36	43	48	44	41	59	52	55	49	48	32	30	31	27	35	34	30	28	28	25	19	22	18	12	10	7	4	4	3	5	6	2	1	2	3	0	0	1	0	1	0	0	0	0	1	0	1	1	0	0	0	0	0	0	0	0	0	0	0	0	0
0	0	0	0	0	0	0	0	0	0	0	0	0	0	0	0	0	0	0	0	0	0	0	0	0	0	0	0	0	0	0	0	0	0	0	0	0	0	0	1	1	2	0	1	4	5	2	0	0	3	5	7	8	2	6	7	4	4	11	13	7	11	10	20	17	23	20	24	26	22	28	25	31	40	32	46	30	33	37	46	42	37	31	20	26	28	21	31	24	30	40	39	31	43	29	39	38	38	32	32	19	34	16	24	30	32	30	30	22	18	11	20	5	5	9	7	1	9	7	3	3	0	1	1	0	2	1	0	0	0	0	1	0	0	0	0	0	0	0	1	0	0	0	0	0	0	0	0	0	0
0	0	0	0	0	0	0	0	0	0	0	0	0	0	0	0	0	0	0	0	0	0	0	0	0	0	0	0	0	0	0	0	0	0	0	0	0	0	0	0	0	0	0	1	3	4	3	5	4	1	4	5	7	5	2	3	4	12	7	10	8	15	10	19	14	16	17	17	30	33	27	29	31	40	50	43	42	52	40	56	35	40	34	31	34	41	25	27	29	34	36	44	36	41	37	35	49	45	48	31	34	27	37	31	25	30	19	24	25	27	20	21	13	15	7	4	10	8	9	5	2	1	2	3	0	1	1	0	0	0	0	0	2	0	0	0	0	1	0	0	0	0	0	0	0	0	0	0	0	0
0	0	0	0	0	0	0	0	0	0	0	0	0	0	0	0	0	0	0	0	0	0	0	0	0	0	0	0	0	0	0	0	0	0	0	0	0	0	0	0	0	2	0	3	0	2	3	3	10	4	1	2	4	6	4	7	6	5	4	11	13	10	19	13	13	17	12	23	34	32	41	33	39	40	25	48	50	39	37	31	37	49	44	39	29	31	20	25	23	42	26	44	40	49	32	40	45	30	51	52	40	30	15	27	30	34	22	23	27	20	27	26	17	17	11	6	6	7	9	7	4	0	2	1	0	1	0	0	1	0	0	0	0	0	0	0	1	2	0	0	0	0	0	0	0	0	0	0	0	0
0	0	0	0	0	0	0	0	0	0	0	0	0	0	0	0	0	0	0	0	0	0	0	0	0	0	0	0	0	0	0	0	0	0	0	0	0	0	0	1	1	0	0	0	0	3	3	4	3	7	5	1	5	5	3	5	2	6	7	10	15	6	16	10	18	11	17	19	25	22	35	32	40	38	34	45	46	34	57	50	37	39	31	28	30	37	26	29	27	26	44	44	36	28	34	47	47	36	58	41	41	31	21	25	27	29	35	40	27	18	18	25	20	20	8	12	6	4	9	7	4	3	3	1	0	0	0	0	0	0	0	0	0	0	1	2	1	0	0	0	0	0	0	0	0	0	0	0	0	0
0	0	0	0	0	0	0	0	0	0	0	0	0	0	0	0	0	0	0	0	0	0	0	0	0	0	0	0	0	0	0	0	0	0	0	0	1	0	1	0	0	1	0	2	2	2	2	1	4	3	5	2	7	2	4	2	8	6	6	8	8	9	10	17	11	14	16	15	29	25	27	30	41	33	41	38	52	44	42	45	28	27	31	43	34	27	31	22	31	20	46	29	50	36	37	41	58	47	56	49	38	33	24	27	26	33	27	28	26	21	29	26	27	23	14	9	7	1	6	2	7	4	2	1	0	1	0	0	0	0	0	0	0	0	1	1	2	0	1	0	0	0	0	0	0	0	0	0	0	0
0	0	0	0	0	0	0	0	0	0	0	0	0	0	0	0	0	0	0	0	0	0	0	0	0	0	0	0	0	0	0	0	0	0	0	0	0	0	0	0	2	1	1	0	0	2	0	2	0	0	3	4	6	8	1	6	6	5	6	5	16	12	9	10	13	14	16	14	22	21	25	25	26	32	37	50	46	35	58	47	45	34	29	37	23	32	32	34	36	18	32	43	34	39	33	40	46	38	50	48	47	41	32	37	34	34	38	37	21	17	17	19	23	21	17	13	12	6	6	5	2	6	4	5	0	0	1	0	0	0	0	0	0	0	1	1	1	1	0	0	0	0	0	0	0	0	0	0	0	0
0	0	0	0	0	0	0	0	0	0	0	0	0	0	0	0	0	0	0	0	0	0	0	0	0	0	0	0	0	0	0	0	0	0	0	0	0	0	0	0	0	0	0	0	1	0	0	1	0	1	4	3	4	5	7	8	4	7	5	3	9	14	10	12	9	13	10	16	17	24	26	27	20	40	37	31	40	32	46	48	47	44	24	36	43	29	37	39	33	26	36	36	40	37	38	34	50	49	30	42	42	41	36	49	25	32	34	33	41	19	16	25	24	20	16	12	6	17	4	5	10	3	2	2	0	2	1	0	1	0	0	0	0	0	3	1	1	0	0	0	0	0	0	0	0	0	0	0	0	0
0	0	0	0	0	0	0	0	0	0	0	0	0	0	0	0	0	0	0	0	0	0	0	0	0	0	0	0	0	0	0	0	0	0	0	0	0	0	0	0	0	0	1	1	1	1	1	0	1	2	2	1	3	2	5	6	4	6	8	10	8	6	8	13	11	9	11	7	10	22	25	15	26	32	33	23	23	42	45	32	34	38	32	40	33	34	32	30	36	18	27	32	26	35	32	35	30	41	35	38	46	40	47	33	31	24	24	26	31	21	30	13	23	21	17	16	7	7	7	4	4	6	2	3	5	0	1	0	0	0	0	0	0	0	2	0	1	1	0	0	0	0	0	0	0	0	0	0	0	0
0	0	0	0	0	0	0	0	0	0	0	0	0	0	0	0	0	0	0	0	0	0	0	0	0	0	0	0	0	0	0	0	0	0	0	0	0	0	0	0	0	0	0	1	0	3	0	1	6	1	4	1	4	5	3	2	3	3	2	6	8	9	4	11	13	19	16	14	16	25	16	32	26	25	29	37	31	48	32	45	49	27	32	42	48	38	36	39	36	24	40	33	34	31	30	38	38	42	61	53	42	38	43	32	40	46	25	16	38	33	26	19	20	19	19	24	6	10	4	9	9	3	3	2	3	1	1	0	1	0	1	0	0	0	1	0	0	0	1	1	0	0	0	0	0	0	0	0	0	0
0	0	0	0	0	0	0	0	0	0	0	0	0	0	0	0	0	0	0	0	0	0	0	0	0	0	0	0	0	0	0	0	0	0	0	0	0	0	0	1	1	2	1	4	2	1	0	3	2	0	0	1	2	4	3	7	1	8	3	6	10	4	11	18	8	18	15	10	14	9	20	24	21	36	25	37	25	38	50	31	52	35	33	31	48	42	36	34	26	32	35	41	31	24	25	40	55	44	44	51	49	45	54	35	35	29	34	27	28	30	39	25	23	20	13	11	17	11	13	2	5	5	5	2	6	0	0	1	0	0	0	0	3	2	0	0	0	0	0	0	0	0	0	0	0	0	0	0	0	0
0	0	0	0	0	0	0	0	0	0	0	0	0	0	0	0	0	0	0	0	0	0	0	0	0	0	0	0	0	0	0	0	0	0	0	0	0	0	0	0	0	0	0	0	1	2	1	2	2	0	0	4	7	5	5	3	8	5	7	1	3	8	4	11	14	12	11	10	18	13	24	23	26	27	29	37	25	28	42	39	41	40	30	38	40	35	36	40	45	31	31	40	35	35	30	32	40	32	39	50	56	43	43	40	51	26	39	32	24	32	26	31	26	25	22	12	14	18	8	1	9	10	4	8	5	1	1	0	0	0	0	1	3	0	0	0	0	0	0	0	0	0	0	0	0	0	0	0	0	0
0	0	0	0	0	0	0	0	0	0	0	0	0	0	0	0	0	0	0	0	0	0	0	0	0	0	0	0	0	0	0	0	0	0	0	0	0	0	0	0	0	0	0	1	1	0	1	2	1	3	1	2	3	6	4	4	4	6	3	2	5	2	3	11	11	17	14	12	15	12	13	25	16	30	26	33	31	36	38	39	29	43	39	43	40	48	43	38	25	32	30	36	18	34	40	34	34	33	52	45	41	47	35	47	50	48	27	39	34	23	31	34	26	32	28	24	21	4	9	5	3	8	5	6	1	1	2	0	0	0	0	1	0	1	0	0	0	1	4	0	0	0	0	0	0	0	0	0	0	0
0	0	0	0	0	0	0	0	0	0	0	0	0	0	0	0	0	0	0	0	0	0	0	0	0	0	0	0	0	0	0	0	0	0	0	0	0	0	0	0	0	0	1	1	0	1	2	2	0	4	2	5	0	2	2	4	2	3	8	5	5	2	6	4	9	15	17	8	12	10	19	14	19	26	29	32	46	27	29	32	34	36	33	30	43	33	42	38	43	39	36	35	32	34	34	31	33	30	60	36	49	42	43	48	53	40	41	48	34	12	26	30	22	30	32	25	17	11	15	12	2	5	5	7	7	3	2	3	1	0	0	0	0	0	0	0	0	0	0	1	0	1	1	0	1	0	0	0	0	0
0	0	0	0	0	0	0	0	0	0	0	0	0	0	0	0	0	0	0	0	0	0	0	0	0	0	0	0	0	0	0	0	0	0	0	0	0	0	0	0	0	0	1	0	1	0	0	4	2	1	0	0	1	5	5	0	5	5	5	4	3	4	2	7	14	12	12	16	11	15	8	11	21	22	24	32	33	37	36	45	43	32	44	37	28	25	40	34	36	34	27	37	39	37	37	29	36	35	42	50	42	36	43	53	42	52	44	38	35	35	30	32	23	30	21	23	26	17	12	7	5	4	12	3	3	5	0	2	0	1	0	0	0	0	0	0	0	0	1	2	0	1	1	0	0	0	0	0	0	0
0	0	0	0	0	0	0	0	0	0	0	0	0	0	0	0	0	0	0	0	0	0	0	0	0	0	0	0	0	0	0	0	0	0	0	0	0	0	0	0	0	0	0	2	2	2	1	1	1	1	0	0	0	0	1	5	2	4	2	6	6	5	4	11	11	11	10	9	17	19	16	8	17	25	23	29	41	35	32	39	39	30	26	36	30	30	38	29	37	49	33	39	34	33	38	47	30	48	44	39	51	35	45	43	47	43	36	40	35	28	35	38	28	21	17	24	20	22	9	16	3	9	7	7	5	6	3	1	1	0	0	0	1	0	0	0	0	0	2	1	1	0	0	0	0	0	0	0	0	0
0	0	0	0	0	0	0	0	0	0	0	0	0	0	0	0	0	0	0	0	0	0	0	0	0	0	0	0	0	0	0	0	0	0	0	0	0	0	0	0	0	0	0	0	0	0	1	0	0	0	1	1	5	1	1	4	4	4	1	4	5	7	3	8	13	8	14	12	12	19	13	15	26	8	17	22	39	34	38	35	33	36	39	28	38	38	30	35	32	27	41	40	38	44	30	35	38	32	58	39	38	39	40	45	57	34	42	30	26	45	39	27	39	32	30	21	18	24	15	10	7	4	9	7	4	2	5	4	1	2	0	0	1	0	0	0	0	0	0	2	0	1	2	0	0	0	0	0	0	0
0	0	0	0	0	0	0	0	0	0	0	0	0	0	0	0	0	0	0	0	0	0	0	0	0	0	0	0	0	0	0	0	0	0	0	0	0	0	0	0	0	0	0	0	0	0	1	1	3	0	3	2	0	1	0	0	1	2	4	4	2	5	8	4	2	12	13	9	16	15	14	9	17	18	7	29	31	34	30	23	27	33	32	32	35	32	32	30	33	24	39	31	25	42	33	27	33	39	34	35	28	41	37	31	33	40	33	38	38	33	31	37	32	28	29	15	19	14	16	15	10	8	8	8	2	2	5	2	0	0	0	0	0	0	0	0	0	0	0	0	0	0	3	1	0	0	0	0	0	0
0	0	0	0	0	0	0	0	0	0	0	0	0	0	0	0	0	0	0	0	0	0	0	0	0	0	0	0	0	0	0	0	0	0	1	0	0	0	0	0	0	0	0	0	1	0	0	2	1	0	1	1	3	1	1	2	1	4	5	2	3	3	5	8	5	18	15	13	13	19	28	12	16	16	21	22	23	33	34	36	31	31	46	34	41	42	51	34	43	34	34	42	42	38	47	40	37	44	48	44	57	44	37	56	39	57	45	53	39	43	31	52	28	40	29	34	22	28	25	20	13	7	5	12	6	5	3	4	0	1	1	0	0	0	0	0	0	0	0	0	0	0	0	0	0	0	0	0	0	0
0	0	0	0	0	0	0	0	0	0	0	0	0	0	0	0	0	0	0	0	0	0	0	0	0	0	0	0	0	0	0	0	0	0	0	0	0	0	0	0	0	0	0	1	0	1	1	0	0	1	2	1	3	1	2	1	0	2	4	2	2	0	2	4	6	8	7	7	18	12	11	12	15	13	19	26	18	21	23	26	28	36	39	28	26	28	26	46	35	24	36	26	44	49	23	41	16	29	39	38	41	31	42	51	31	37	38	31	30	41	35	25	35	38	23	16	18	15	27	24	11	8	4	7	5	3	3	4	0	1	1	0	0	0	0	0	0	0	0	0	0	0	0	0	0	0	0	0	0	0
0	0	0	0	0	0	0	0	0	0	0	0	0	0	0	0	0	0	0	0	0	0	0	0	0	0	0	0	0	0	0	0	0	0	0	0	0	0	0	0	0	0	0	0	0	0	0	0	0	3	2	0	0	0	1	4	0	0	3	4	5	3	0	4	0	6	9	12	11	19	16	18	24	22	13	19	28	34	31	28	38	20	27	40	27	38	43	36	39	39	30	24	43	34	36	47	37	28	41	40	35	40	38	47	50	53	40	33	39	54	44	37	28	30	25	21	27	33	28	26	12	5	11	3	7	8	1	1	2	2	2	0	0	0	0	0	0	0	0	0	0	0	0	0	0	0	0	0	0	0
0	0	0	0	0	0	0	0	0	0	0	0	0	0	0	0	0	0	0	0	0	0	0	0	0	0	0	0	0	0	0	0	0	0	0	0	0	0	0	0	0	0	0	1	2	2	3	2	0	1	1	1	0	2	1	1	1	2	2	2	3	3	7	6	4	5	10	16	13	21	12	11	16	15	11	18	24	16	30	22	32	38	24	35	28	35	18	34	43	52	39	34	37	34	36	52	36	47	34	34	36	42	40	55	49	45	38	38	53	55	35	38	17	23	28	44	30	27	27	25	14	9	3	3	10	5	5	2	2	1	1	0	0	0	0	0	0	0	0	0	0	0	0	0	0	0	0	0	0	0
0	0	0	0	0	0	0	0	0	0	0	0	0	0	0	0	0	0	0	0	0	0	0	0	0	0	0	0	0	0	0	0	0	0	0	0	0	0	0	0	0	0	0	0	0	1	4	3	1	1	0	2	1	2	2	2	3	3	1	2	2	2	8	9	2	4	9	16	9	10	12	18	16	15	11	20	22	20	31	27	36	26	24	40	32	28	33	24	37	38	34	28	34	40	46	42	40	38	46	41	47	34	33	45	43	46	46	52	55	47	42	32	29	19	26	36	27	23	18	32	20	12	3	5	7	10	3	7	1	1	1	1	0	1	0	0	0	0	0	1	0	1	1	0	0	0	0	0	0	0
0	0	0	0	0	0	0	0	0	0	0	0	0	0	0	0	0	0	0	0	0	0	0	0	0	0	0	0	0	0	0	0	0	0	0	0	0	0	0	0	0	0	0	0	0	0	1	1	2	1	0	1	2	1	2	3	0	2	2	2	2	4	3	3	2	8	12	12	11	12	9	20	16	16	19	14	11	25	26	31	24	33	33	33	33	38	25	22	32	44	37	25	34	43	38	52	47	53	43	36	28	36	33	34	44	47	45	41	51	55	45	47	27	28	32	26	27	32	28	17	25	14	12	7	3	11	4	2	3	1	0	1	0	0	0	0	0	1	0	0	0	0	0	0	0	0	0	0	0	0
0	0	0	0	0	0	0	0	0	0	0	0	0	0	0	0	0	0	0	0	0	0	0	0	0	0	0	0	0	0	0	0	0	0	0	0	0	0	0	0	0	1	1	0	0	1	0	0	1	2	1	1	0	1	3	0	1	1	3	4	3	2	4	2	10	7	12	8	3	11	10	17	7	15	18	19	19	18	37	29	27	26	37	39	35	28	30	21	27	31	33	21	42	41	38	39	48	33	44	50	33	43	38	33	31	45	41	51	40	47	39	49	43	41	31	36	34	17	30	26	26	20	6	9	6	8	5	8	2	2	1	1	0	1	0	0	0	0	0	0	0	0	0	0	0	0	0	0	0	0
0	0	0	0	0	0	0	0	0	0	0	0	0	0	0	0	0	0	0	0	0	0	0	0	0	0	0	0	0	0	0	0	0	0	0	0	0	0	0	0	0	0	0	1	0	1	0	0	0	1	1	1	0	2	3	1	1	2	1	4	4	5	2	4	7	5	5	6	10	6	10	13	15	22	16	20	20	19	17	22	20	29	27	24	29	43	33	42	26	34	27	28	27	44	42	35	40	43	44	50	40	39	44	36	32	44	42	43	52	41	48	49	33	33	35	41	35	34	25	17	26	25	15	7	8	11	6	7	0	0	1	0	1	1	1	0	0	0	0	0	0	0	0	0	0	0	0	0	0	0
0	0	0	0	0	0	0	0	0	0	0	0	0	0	0	0	0	0	0	0	0	0	0	0	0	0	0	0	0	0	0	0	0	0	0	0	0	0	0	1	0	1	1	0	0	0	0	0	0	2	2	3	0	0	3	1	2	0	2	1	2	3	3	3	5	6	3	6	8	8	10	4	10	11	13	21	21	19	22	16	15	20	26	19	20	34	28	24	23	36	43	34	32	26	34	42	41	42	36	29	36	30	36	48	40	45	39	45	27	38	40	32	35	34	32	35	29	27	25	25	16	28	11	8	6	4	5	5	6	2	2	0	0	0	0	0	0	0	0	0	0	0	0	0	0	0	0	0	0	0
0	0	0	0	0	0	0	0	0	0	0	0	0	0	0	0	0	0	0	0	0	0	0	0	0	0	0	0	0	0	0	0	0	0	0	0	0	0	0	0	0	0	0	0	0	0	0	0	0	2	0	0	2	4	0	0	1	1	3	0	1	2	2	5	6	3	10	7	3	6	9	7	10	19	17	29	17	18	30	21	25	22	18	23	22	28	26	28	28	46	37	34	33	31	32	44	53	43	45	42	41	29	41	49	40	44	58	50	41	37	47	36	39	41	31	31	32	30	32	32	29	26	11	13	18	6	15	7	3	0	0	0	2	0	0	0	0	0	0	0	0	0	0	0	0	0	0	0	0	0
0	0	0	0	0	0	0	0	0	0	0	0	0	0	0	0	0	0	0	0	0	0	0	0	0	0	0	0	0	0	0	0	0	0	0	0	0	0	0	0	0	0	0	0	0	0	1	0	3	1	3	4	1	1	0	0	4	1	1	3	2	3	3	6	3	1	4	4	4	8	8	6	14	18	14	14	29	14	16	30	18	22	22	22	23	32	30	29	19	38	36	42	39	37	33	42	48	38	38	53	41	38	42	49	41	43	46	48	41	43	42	50	48	25	29	37	29	29	27	27	25	22	24	19	11	9	10	14	8	2	3	1	0	0	0	0	0	0	0	0	0	0	0	0	0	0	0	0	0	0
0	0	0	0	0	0	0	0	0	0	0	0	0	0	0	0	0	0	0	0	0	0	0	0	0	0	0	0	0	0	0	0	0	0	0	0	0	0	0	0	0	0	1	1	0	1	0	1	0	0	0	0	0	1	3	4	0	1	0	1	6	1	0	4	3	3	5	4	4	8	8	10	8	12	21	22	18	25	19	23	19	25	21	19	15	21	28	31	26	31	43	45	45	32	40	43	49	38	32	43	36	35	45	41	53	50	54	52	41	46	39	56	28	37	29	19	32	30	29	28	27	28	26	13	14	15	10	10	12	5	1	0	0	0	0	1	0	0	0	0	0	0	0	0	0	0	0	0	0	0
0	0	0	0	0	0	0	0	0	0	0	0	0	0	0	0	0	0	0	0	0	0	0	0	0	0	0	0	1	0	0	1	0	0	0	0	0	0	0	2	0	1	2	0	0	0	2	2	0	1	0	0	5	3	2	1	0	0	1	1	1	4	1	3	4	3	4	7	8	4	5	13	14	10	16	25	11	14	18	21	25	20	22	17	25	27	18	26	33	29	35	41	46	38	46	45	40	28	39	27	37	32	33	46	39	43	46	54	55	56	43	49	56	41	36	29	32	24	41	19	31	17	24	22	7	19	15	9	7	3	2	2	0	0	0	0	0	0	0	0	0	0	0	0	0	0	0	0	0	0
0	0	0	0	0	0	0	0	0	0	0	0	0	0	0	0	0	0	0	0	0	0	0	0	0	0	0	0	0	0	0	0	0	0	0	0	0	0	0	0	0	0	1	0	0	1	0	0	1	1	1	0	2	2	0	2	2	0	0	0	1	5	2	5	4	3	2	3	6	7	7	10	10	16	12	15	21	23	18	23	18	14	28	28	28	18	22	26	32	37	38	34	47	40	36	36	42	36	40	37	26	47	41	45	54	45	51	40	45	37	40	50	38	44	33	27	42	30	39	30	34	24	23	17	13	12	4	8	11	7	2	3	0	2	0	0	0	0	0	0	0	0	0	0	0	0	0	0	0	0
0	0	0	0	0	0	0	0	0	0	0	0	0	0	0	0	0	0	0	0	0	0	0	0	0	0	0	0	0	0	0	0	0	0	0	0	0	0	0	0	0	0	0	1	0	1	1	0	1	0	2	0	1	3	0	1	1	1	2	1	3	0	2	2	5	4	7	3	5	6	8	7	9	16	14	14	22	20	13	16	18	20	25	23	21	27	27	19	19	26	42	41	39	25	34	35	31	48	43	32	51	44	45	36	42	50	48	42	32	52	70	45	47	43	38	42	43	31	32	23	25	21	21	21	16	8	9	16	13	6	4	3	0	0	0	0	0	0	0	0	0	0	0	0	0	0	0	0	0	0
0	0	0	0	0	0	0	0	0	0	0	0	0	0	0	0	0	0	0	0	0	0	0	0	0	0	0	0	0	0	0	0	0	1	0	1	0	0	0	0	1	0	0	0	0	0	0	0	1	2	2	0	2	0	3	2	2	1	1	1	1	1	0	1	2	2	4	6	3	5	7	12	16	7	16	17	16	19	21	22	25	16	21	10	15	16	24	25	23	26	31	28	34	54	44	44	28	28	40	33	37	42	42	50	24	48	43	46	56	57	54	39	59	48	43	42	33	41	32	27	23	21	28	27	19	16	11	6	4	11	5	4	3	2	0	0	0	1	0	0	0	0	0	0	0	0	0	0	0	0
0	0	0	0	0	0	0	0	0	0	0	0	0	0	0	0	0	0	0	0	0	0	0	0	0	0	0	0	0	0	0	0	0	0	0	0	0	0	0	0	0	0	0	0	0	1	1	0	0	0	1	1	1	1	2	2	2	1	0	1	1	1	2	2	3	6	6	3	5	5	8	7	8	8	16	11	21	7	19	13	17	24	25	20	19	18	20	20	21	25	33	33	39	41	24	31	42	42	36	31	51	48	45	37	27	37	39	41	43	47	69	61	64	67	36	38	32	33	40	23	25	18	24	30	14	16	13	13	13	5	14	6	5	2	2	0	0	0	0	0	0	0	0	0	0	0	0	0	0	0
0	0	0	0	0	0	0	0	0	0	0	0	0	0	0	0	0	0	0	0	0	0	0	0	0	0	0	0	0	0	0	0	0	0	0	0	0	0	0	0	0	0	0	0	0	0	2	1	0	0	1	1	0	0	0	0	0	0	2	0	2	1	1	2	2	6	9	5	2	4	4	7	7	12	7	13	17	22	10	13	17	26	14	14	16	16	15	22	19	15	25	26	29	42	47	29	27	35	30	27	35	40	37	43	30	29	36	27	38	34	52	51	47	57	38	35	25	35	35	27	18	20	23	28	22	20	22	7	10	12	11	5	1	5	3	0	1	1	1	1	0	0	0	0	0	0	0	0	0	0
0	0	0	0	0	0	0	0	0	0	0	0	0	0	0	0	0	0	0	0	0	0	0	0	0	0	0	0	0	0	0	0	0	0	0	0	0	0	0	0	0	0	0	0	0	0	1	2	0	1	0	0	0	0	0	3	2	0	2	1	2	1	1	2	2	4	4	2	4	5	4	6	5	6	16	20	29	23	17	27	16	32	18	19	14	14	22	26	23	22	30	29	45	39	40	42	50	54	40	44	35	36	50	64	45	48	39	46	51	45	52	69	57	36	57	33	41	29	41	38	36	37	27	22	33	25	19	23	8	19	10	8	4	1	3	1	2	2	1	1	1	0	0	0	0	0	0	0	0	0
0	0	0	0	0	0	0	0	0	0	0	0	0	0	0	0	0	0	0	0	0	0	0	0	0	0	0	0	0	0	0	0	0	0	0	0	0	0	0	0	0	0	0	0	0	0	0	1	1	0	1	0	0	1	0	0	0	2	0	2	2	1	2	2	2	2	3	2	3	5	7	7	3	4	10	14	11	12	15	23	19	16	15	19	13	20	24	20	11	24	22	27	29	43	25	24	36	40	33	29	43	31	35	35	45	45	36	33	38	35	44	49	38	38	36	43	29	23	41	30	27	31	26	19	25	18	18	16	15	9	8	6	6	3	2	1	2	0	0	0	0	1	0	0	0	0	0	0	0	0
0	0	0	0	0	0	0	0	0	0	0	0	0	0	0	0	0	0	0	0	0	0	0	0	0	0	0	0	0	0	0	0	0	0	0	0	0	0	0	0	0	0	0	0	0	0	0	0	0	0	0	0	2	1	0	0	1	1	1	1	1	1	0	2	3	3	4	6	4	3	2	5	7	8	13	14	22	20	17	13	7	14	16	29	18	11	20	19	26	20	33	28	37	37	36	52	41	47	42	37	38	29	31	43	54	42	38	35	35	33	48	58	47	50	40	41	35	39	44	30	45	33	22	23	29	22	12	18	14	17	3	13	7	2	0	0	1	1	1	0	1	0	0	1	1	0	3	0	0	0
0	0	0	0	0	0	0	0	0	0	0	0	1	0	0	0	0	0	0	0	0	0	0	0	0	1	0	0	0	0	0	0	0	0	0	0	0	0	0	0	0	0	0	0	0	0	0	0	0	1	1	0	0	1	0	0	2	0	0	3	1	1	2	1	2	0	4	7	2	1	6	8	8	10	10	18	13	14	14	11	14	18	7	18	14	31	18	26	13	24	25	33	34	34	33	43	31	37	45	43	45	45	29	42	47	45	39	32	31	33	56	57	66	52	51	39	45	37	26	36	38	33	28	20	27	23	20	19	18	8	9	9	8	5	0	2	2	1	1	0	0	0	0	0	0	0	0	0	0	0
0	0	0	0	0	0	0	0	0	0	0	0	0	0	0	0	0	0	0	0	0	0	0	0	0	0	0	0	0	0	0	0	0	0	0	0	0	0	0	0	0	0	0	0	0	0	0	0	0	0	0	1	0	0	1	1	1	1	1	1	2	1	5	2	1	2	3	6	3	7	4	5	8	7	9	18	12	22	17	14	10	16	8	19	18	31	19	17	20	31	34	20	45	37	36	42	28	38	34	33	38	32	34	48	60	57	29	34	33	46	36	54	50	52	48	46	29	39	44	31	33	31	21	22	25	24	18	14	18	11	18	14	5	5	4	7	1	2	2	0	0	1	1	0	0	0	0	0	0	0
0	0	0	0	0	0	0	0	0	0	0	0	0	0	0	0	0	0	0	0	0	0	0	0	0	0	0	0	0	0	0	0	0	0	0	0	0	1	0	1	0	0	0	0	0	0	0	0	0	0	0	0	0	1	2	0	2	1	1	0	0	3	2	0	3	4	6	6	4	5	8	8	6	10	7	9	18	21	23	10	13	21	17	10	6	15	18	17	18	15	23	45	40	35	49	33	28	26	33	34	44	53	45	43	42	60	38	33	39	38	41	44	55	54	45	57	50	36	28	32	41	28	17	17	19	18	19	19	15	16	20	11	7	7	5	9	1	0	1	1	0	2	0	1	0	0	0	0	0	0
0	0	0	0	0	0	0	0	1	0	0	0	0	0	0	0	0	0	0	0	0	0	0	0	0	0	0	0	0	0	0	0	0	0	0	0	0	0	0	0	0	0	0	0	0	1	0	0	1	2	0	1	1	0	1	0	1	1	0	0	0	2	1	2	2	5	3	4	8	6	1	12	2	6	7	14	19	12	20	13	13	12	14	7	12	13	15	21	15	24	33	29	29	44	49	40	34	27	29	29	31	42	46	46	57	55	50	37	43	37	42	52	64	53	52	40	35	35	41	32	36	36	27	24	13	24	13	20	12	14	13	9	10	4	7	5	7	1	0	0	1	0	1	0	0	0	0	0	0	0
0	0	0	0	0	0	0	0	0	0	0	0	0	0	0	0	1	0	0	0	0	0	0	0	0	0	0	0	0	0	0	0	0	0	0	0	0	0	0	0	0	0	0	0	0	0	0	0	1	0	0	0	1	1	2	0	2	2	1	0	1	2	4	5	1	2	7	4	6	7	7	7	10	7	13	6	18	13	12	15	9	12	13	14	12	9	11	14	13	14	14	35	35	45	37	33	47	31	30	43	38	46	28	41	55	46	52	35	44	39	45	53	48	72	50	52	37	35	48	27	25	31	29	19	19	18	11	20	26	15	14	15	11	8	9	3	4	2	1	3	0	0	0	0	0	1	0	1	0	0
0	0	0	0	0	0	0	0	0	0	0	0	0	0	0	0	0	0	0	0	0	0	0	0	0	0	0	0	0	0	0	0	0	0	0	0	0	0	0	0	0	0	0	0	0	0	0	0	0	0	0	0	0	0	2	1	1	0	1	2	2	1	2	4	3	6	7	8	4	3	3	3	6	3	7	9	18	22	11	8	12	13	10	13	12	6	11	14	12	22	10	28	28	26	30	45	36	36	24	35	41	27	44	36	36	34	37	42	42	48	35	40	50	51	54	39	30	25	41	35	33	33	19	18	15	7	16	16	19	8	16	11	13	6	7	4	3	6	4	0	0	2	1	0	0	2	1	0	0	0
0	0	0	0	0	0	0	0	0	0	0	0	0	0	0	0	0	0	0	0	0	0	0	0	0	0	0	0	0	0	0	0	0	0	0	0	0	0	0	1	0	0	0	0	0	0	0	0	0	0	0	0	0	0	0	1	1	0	0	3	2	1	1	5	8	12	7	4	3	5	10	5	6	7	14	9	14	18	22	16	15	20	15	13	19	12	10	22	16	16	27	40	38	39	51	45	43	61	35	38	27	48	49	53	51	59	63	52	58	37	50	62	47	69	79	60	40	53	45	44	43	53	47	40	19	19	26	25	31	16	13	8	13	14	3	11	9	4	5	5	2	1	1	1	0	1	1	0	0	0
